#DASH Flow Data
#--------------------------------------------------------
#BMI DASH SN:   0
#BMI SEMS SN:   0
#--------------------------------------------------------
#DOY.Frac	YYYY	Secs	DO_Sh	DO_Smp	DO_Press	DO_Ht_T	DO_Ht_Pwr	DO_Fl_T	DO_X_T	HO_Sh_D_Fl	HO_Sh	HO_Smp	HO_Press	HO_RH	HO_T	HO_Ht_T	HO_Ht_Pwr	HO_Fl_T	HO_X_T	HO_DP_Cl	HO_DP_Lk	HM_Sh_D_Fl	HM_Sh	HM_Xs	HM_Smp_Xs	HM_Press	HM_RH	HM_T	HM_Ht_T	HM_Ht_Pwr	HM_Fl_T	HM_X_T	HM_DP_Cl	HM_DP_Lk	H2O_T	H2O_Pwr	H2O_Lvl	H2O_Cnt
 95.3764873	2024	1.9	-0.02	-0.001	663	40.5	0	20.0	-9.2	0.01	0.00	0.000	5680	79.0	19.5	40.6	0	19.5	-9.3	1	1	0.00	0.01	-0.03	0.00	5679	91.2	19.2	40.3	0	20.1	-9.3	1	0	23.8	0	0	338026
 95.3764988	2024	2.9	-0.02	-0.001	663	40.4	0	20.0	-9.2	0.01	0.00	0.000	5680	79.0	19.5	40.6	0	19.5	-9.3	1	1	0.00	0.01	-0.03	0.00	5677	91.1	19.2	40.3	0	20.1	-9.3	1	0	23.8	0	0	338227
 95.3765104	2024	3.9	-0.02	-0.001	664	40.4	0	20.0	-9.2	0.01	0.00	0.000	5680	79.0	19.5	40.6	0	19.5	-9.3	1	1	0.00	0.01	-0.03	0.00	5679	90.9	19.1	40.3	0	20.1	-9.3	1	0	23.8	0	0	338426
 95.3765220	2024	4.9	-0.02	-0.001	664	40.4	0	20.0	-9.2	0.01	0.00	0.000	5680	78.9	19.5	40.6	0	19.5	-9.3	1	1	0.00	0.01	-0.03	0.00	5679	90.0	19.1	40.3	0	20.1	-9.3	1	0	23.8	0	0	338627
 95.3765336	2024	5.9	-0.02	-0.001	663	40.4	0	20.0	-9.2	0.01	0.00	0.000	5680	78.9	19.5	40.6	0	19.5	-9.2	1	1	0.00	0.01	-0.03	0.00	5679	88.6	19.1	40.3	0	20.1	-9.3	1	0	23.8	0	0	338826
 95.3765451	2024	6.9	-0.02	-0.001	663	40.4	0	20.0	-9.2	0.01	0.00	0.000	5680	78.9	19.5	40.5	0	19.5	-9.3	1	1	0.00	0.01	-0.03	0.00	5679	86.9	19.1	40.2	0	20.1	-9.3	1	0	23.8	0	0	339026
 95.3765567	2024	7.9	-0.02	-0.001	663	40.3	0	20.0	-9.2	0.01	0.00	0.000	5680	78.9	19.5	40.5	0	19.5	-9.3	1	1	0.00	0.01	-0.03	0.00	5677	85.0	19.1	40.2	0	20.1	-9.3	1	0	23.8	0	0	339227
 95.3765683	2024	8.9	-0.02	-0.001	664	40.3	0	20.0	-9.2	0.01	0.00	0.000	5680	78.9	19.5	40.5	0	19.5	-9.3	1	1	0.00	0.01	-0.03	0.00	5679	83.5	19.1	40.2	0	20.1	-9.3	1	0	23.8	0	0	339427
 95.3765799	2024	9.9	-0.02	-0.001	663	40.3	0	20.0	-9.2	0.01	0.00	0.000	5680	78.9	19.5	40.5	0	19.5	-9.3	1	1	0.00	0.01	-0.03	0.00	5679	82.8	19.1	40.2	0	20.1	-9.3	1	0	23.8	0	0	339626
 95.3765914	2024	10.9	-0.02	-0.001	664	40.3	0	20.0	-9.2	0.01	0.00	0.000	5680	78.9	19.5	40.5	0	19.5	-9.3	1	1	0.00	0.01	-0.03	0.00	5679	82.4	19.2	40.2	0	20.1	-9.3	1	0	23.8	0	0	339826
 95.3766030	2024	11.9	-0.02	-0.001	664	40.3	0	20.0	-9.2	0.01	0.00	0.000	5680	78.8	19.5	40.5	0	19.5	-9.3	1	1	0.00	0.01	-0.03	0.00	5677	82.3	19.2	40.1	160	20.1	-9.3	1	0	23.8	0	0	340027
 95.3766146	2024	12.9	-0.02	-0.001	663	40.2	0	20.0	-9.2	0.01	0.00	0.000	5680	78.8	19.5	40.4	0	19.5	-9.3	1	1	0.00	0.01	-0.03	0.00	5677	82.3	19.2	40.1	160	20.1	-9.3	1	0	23.8	0	0	340226
 95.3766262	2024	13.9	-0.02	-0.001	664	40.2	0	20.0	-9.2	0.01	0.00	0.000	5680	78.8	19.5	40.4	0	19.5	-9.3	1	1	0.00	0.01	-0.03	0.00	5679	82.1	19.2	40.1	160	20.1	-9.3	1	0	23.8	0	0	340426
 95.3766377	2024	14.9	-0.02	-0.001	663	40.2	0	20.0	-9.2	0.01	0.00	0.000	5680	78.7	19.6	40.4	0	19.5	-9.3	1	1	0.00	0.01	-0.03	0.00	5679	82.1	19.2	40.1	160	20.1	-9.3	1	0	23.8	0	0	340627
 95.3766493	2024	15.9	-0.02	-0.001	663	40.2	0	20.0	-9.2	0.01	0.00	0.000	5680	78.7	19.6	40.4	0	19.5	-9.3	1	1	0.00	0.01	-0.03	0.00	5677	82.1	19.2	40.1	160	20.1	-9.3	1	0	23.8	0	0	340827
 95.3766609	2024	16.9	-0.02	-0.001	663	40.1	160	20.0	-9.2	0.01	0.00	0.000	5680	78.7	19.6	40.4	0	19.5	-9.3	1	1	0.00	0.01	-0.03	0.00	5679	82.0	19.2	40.1	160	20.1	-9.3	1	0	23.8	0	0	341026
 95.3766725	2024	17.9	-0.02	-0.001	663	40.1	160	20.0	-9.2	0.01	0.00	0.000	5680	78.6	19.6	40.4	0	19.5	-9.3	1	1	0.00	0.01	-0.03	0.00	5679	82.0	19.2	40.1	160	20.1	-9.3	1	0	23.8	0	0	341226
 95.3766840	2024	18.9	-0.02	-0.001	664	40.1	160	20.0	-9.2	0.01	0.00	0.000	5680	78.6	19.6	40.3	0	19.5	-9.3	1	1	0.00	0.01	-0.03	0.00	5679	81.9	19.2	40.2	0	20.1	-9.3	1	0	23.8	0	0	341426
 95.3766956	2024	19.9	-0.02	-0.001	664	40.1	160	20.0	-9.2	0.01	0.00	0.000	5680	78.6	19.6	40.3	0	19.5	-9.3	1	1	0.00	0.01	-0.03	0.00	5679	81.6	19.2	40.2	0	20.1	-9.3	1	0	23.8	0	0	341627
 95.3767072	2024	20.9	-0.02	-0.001	663	40.1	160	20.0	-9.2	0.01	0.00	0.000	5680	78.6	19.6	40.3	0	19.5	-9.3	1	1	0.00	0.01	-0.03	0.00	5679	81.2	19.3	40.3	0	20.1	-9.3	1	0	23.8	0	0	341826
 95.3767187	2024	21.9	-0.02	-0.001	663	40.1	160	20.0	-9.2	0.01	0.00	0.000	5680	78.6	19.6	40.3	0	19.5	-9.3	1	1	0.00	0.01	-0.03	0.00	5677	81.0	19.3	40.4	0	20.1	-9.3	1	0	23.8	0	0	342026
 95.3767303	2024	22.9	-0.02	-0.001	663	40.1	160	20.0	-9.2	0.01	0.00	0.000	5680	78.6	19.6	40.3	0	19.5	-9.3	1	1	0.00	0.01	-0.03	0.00	5679	80.7	19.3	40.4	0	20.1	-9.3	1	0	23.7	0	0	342227
 95.3767419	2024	23.9	-0.02	-0.001	663	40.2	0	20.0	-9.2	0.01	0.00	0.000	5680	78.5	19.6	40.2	0	19.5	-9.3	1	1	0.00	0.01	-0.03	0.00	5679	80.5	19.3	40.5	0	20.1	-9.3	1	0	23.7	0	0	342426
 95.3767535	2024	24.9	-0.02	-0.001	664	40.2	0	20.0	-9.2	0.01	0.00	0.000	5680	78.5	19.6	40.2	0	19.5	-9.3	1	1	0.00	0.01	-0.03	0.00	5679	80.5	19.2	40.5	0	20.1	-9.3	1	0	23.7	0	0	342626
 95.3767650	2024	25.9	-0.02	-0.001	664	40.3	0	20.0	-9.2	0.01	0.00	0.000	5680	78.5	19.6	40.2	0	19.5	-9.3	1	1	0.00	0.01	-0.03	0.00	5679	80.5	19.2	40.6	0	20.1	-9.3	1	0	23.7	0	0	342826
 95.3767766	2024	26.9	-0.02	-0.001	664	40.3	0	20.0	-9.2	0.01	0.00	0.000	5680	78.5	19.6	40.2	0	19.5	-9.3	1	1	0.00	0.01	-0.03	0.00	5679	80.4	19.2	40.6	0	20.1	-9.3	1	0	23.7	0	0	343027
 95.3767882	2024	27.9	-0.02	-0.001	664	40.4	0	20.0	-9.2	0.01	0.00	0.000	5680	78.5	19.6	40.2	0	19.5	-9.3	1	1	0.00	0.01	-0.03	0.00	5679	80.2	19.3	40.6	0	20.1	-9.3	1	0	23.7	0	0	343226
 95.3767998	2024	28.9	-0.02	-0.001	663	40.5	0	20.0	-9.2	0.01	0.00	0.000	5680	78.3	19.6	40.1	160	19.5	-9.3	1	1	0.00	0.01	-0.03	0.00	5679	80.0	19.3	40.6	0	20.1	-9.3	1	0	23.7	0	0	343426
 95.3768113	2024	29.9	-0.02	-0.001	663	40.5	0	20.0	-9.2	0.01	0.00	0.000	5680	78.2	19.6	40.1	160	19.5	-9.3	1	1	0.00	0.01	-0.03	0.00	5679	79.7	19.3	40.6	0	20.1	-9.3	1	0	23.7	0	0	343626
 95.3768229	2024	30.9	-0.02	-0.001	663	40.5	0	20.0	-9.2	0.01	0.00	0.000	5680	78.1	19.6	40.1	160	19.5	-9.3	1	1	0.00	0.01	-0.03	0.00	5679	79.4	19.3	40.6	0	20.1	-9.3	1	0	23.7	0	0	343827
 95.3768345	2024	31.9	-0.02	-0.001	664	40.6	0	20.0	-9.2	0.01	0.00	0.000	5680	78.0	19.6	40.1	160	19.5	-9.3	1	1	0.00	0.01	-0.03	0.00	5679	79.2	19.3	40.6	0	20.1	-9.3	1	0	23.7	0	0	344026
 95.3768461	2024	32.9	0.52	-0.038	652	40.6	0	20.0	-9.2	0.45	1.23	-0.037	5508	77.9	19.6	40.1	160	19.5	-9.3	1	1	3.02	4.69	5.90	0.25	5427	79.0	19.3	40.6	0	20.1	-9.3	1	0	23.7	0	0	344226
 95.3768576	2024	33.9	0.54	0.306	643	40.6	0	20.0	-9.2	0.68	2.12	0.090	5360	77.9	19.6	40.1	160	19.5	-9.3	1	1	4.73	10.98	9.65	0.71	5531	78.9	19.5	40.6	0	20.1	-9.3	1	0	23.7	0	0	344427
 95.3768692	2024	34.9	0.23	0.754	653	40.6	0	20.0	-9.2	0.55	1.69	0.526	5349	77.9	19.5	40.1	160	19.5	-9.3	1	1	4.76	13.89	9.40	0.71	5931	78.8	19.6	40.6	0	20.1	-9.3	1	0	23.7	0	0	344627
 95.3768808	2024	35.9	0.06	0.841	678	40.6	0	20.0	-9.2	0.45	1.27	0.822	5419	78.0	19.6	40.2	0	19.5	-9.3	1	1	5.07	15.80	9.41	0.71	6400	78.4	19.3	40.6	0	20.1	-9.3	1	0	23.7	0	0	344827
 95.3768924	2024	36.9	-0.14	0.841	708	40.6	0	20.0	-9.2	0.42	1.09	0.851	5508	78.0	19.6	40.3	0	19.5	-9.2	1	1	5.44	17.33	9.54	0.71	6885	77.6	19.3	40.6	0	20.1	-9.3	1	0	23.7	0	0	345027
 95.3769039	2024	37.9	-0.33	0.841	745	40.6	0	20.0	-9.2	0.34	0.80	0.851	5646	78.0	19.6	40.3	0	19.5	-9.3	1	1	6.06	18.34	9.79	0.71	7036	76.8	19.3	40.6	0	20.1	-9.3	1	0	23.7	0	0	345227
 95.3769155	2024	38.9	-0.33	0.841	778	40.6	0	20.0	-9.2	0.25	0.53	0.851	5801	77.9	19.6	40.4	0	19.5	-9.3	1	1	7.01	19.00	10.21	0.71	7036	75.7	19.3	40.6	0	20.1	-9.3	1	0	23.7	0	0	345426
 95.3769271	2024	39.9	-0.15	0.841	800	40.6	0	20.0	-9.2	0.26	0.57	0.851	5909	77.9	19.6	40.4	0	19.5	-9.3	1	1	7.49	18.49	10.39	0.71	7036	74.1	19.3	40.5	0	20.1	-9.3	1	0	23.7	0	0	345626
 95.3769387	2024	40.9	-0.09	0.757	814	40.6	0	20.0	-9.2	0.25	0.51	0.851	6030	77.9	19.6	40.5	0	19.5	-9.3	1	1	7.44	17.99	10.37	0.71	7036	73.1	19.6	40.5	0	20.1	-9.3	1	0	23.7	0	0	345826
 95.3769502	2024	41.9	-0.05	0.362	814	40.5	0	20.0	-9.2	0.17	0.26	0.851	6184	77.8	19.6	40.5	0	19.5	-9.3	1	1	7.32	17.67	10.24	0.71	7036	72.4	19.5	40.5	0	20.1	-9.3	1	0	23.7	0	0	346026
 95.3769618	2024	42.9	0.21	0.037	814	40.5	0	20.0	-9.2	0.19	0.30	0.851	6301	77.6	19.6	40.5	0	19.5	-9.3	1	1	7.27	17.64	10.22	0.71	7036	71.7	19.3	40.5	0	20.1	-9.3	1	0	23.7	0	0	346226
 95.3769734	2024	43.9	0.39	-0.056	814	40.5	0	20.0	-9.2	0.13	0.15	0.851	6471	77.4	19.6	40.6	0	19.5	-9.3	1	1	7.28	17.55	10.14	0.71	7036	71.0	19.3	40.5	0	20.1	-9.3	1	0	23.7	0	0	346427
 95.3769850	2024	44.9	0.45	-0.056	814	40.5	0	20.0	-9.2	0.05	-0.08	0.817	6645	77.1	19.6	40.6	0	19.5	-9.3	1	1	7.34	17.54	10.15	0.71	7036	70.2	19.3	40.5	0	20.1	-9.3	1	0	23.7	0	0	346626
 95.3769965	2024	45.9	0.53	-0.055	814	40.5	0	20.0	-9.2	0.08	0.01	0.663	6777	76.9	19.6	40.6	0	19.5	-9.3	1	1	7.39	17.53	10.09	0.71	7036	69.0	19.3	40.4	0	20.1	-9.3	1	0	23.7	0	0	346827
 95.3770081	2024	46.9	0.54	-0.056	814	40.5	0	20.0	-9.2	0.11	0.12	0.486	6897	76.7	19.6	40.6	0	19.5	-9.3	1	1	7.42	17.50	10.09	0.71	7036	68.2	19.3	40.4	0	20.2	-9.3	1	0	23.7	0	0	347026
 95.3770197	2024	47.9	0.57	-0.056	814	40.4	0	20.0	-9.2	0.14	0.23	0.307	7016	76.6	19.6	40.6	0	19.5	-9.3	1	1	7.39	17.32	10.01	0.71	7036	67.6	19.3	40.4	0	20.2	-9.3	1	0	23.7	0	0	347227
 95.3770312	2024	48.9	0.62	-0.056	814	40.4	0	20.0	-9.2	0.18	0.35	0.136	7036	76.6	19.6	40.6	0	19.5	-9.3	1	1	7.39	17.34	10.00	0.71	7036	67.7	19.5	40.4	0	20.2	-9.3	1	0	23.7	0	0	347426
 95.3770428	2024	49.9	0.55	-0.028	814	40.4	0	20.0	-9.2	0.22	0.51	-0.018	7036	76.6	19.6	40.6	0	19.5	-9.3	1	1	7.37	17.17	9.93	0.71	7036	67.7	19.4	40.4	0	20.2	-9.3	1	0	23.6	0	0	347627
 95.3770544	2024	50.9	0.54	0.022	814	40.4	0	20.0	-9.2	0.29	0.72	-0.066	7036	76.6	19.6	40.6	0	19.5	-9.3	1	1	7.37	17.16	9.92	0.71	7036	67.5	19.3	40.3	0	20.2	-9.3	1	0	23.6	0	0	347826
 95.3770660	2024	51.9	0.52	0.054	814	40.4	0	20.0	-9.2	0.31	0.81	-0.066	7036	76.5	19.6	40.6	0	19.5	-9.3	1	1	7.38	17.07	9.86	0.71	7036	67.4	19.2	40.3	0	20.2	-9.3	1	0	23.6	0	0	348026
 95.3770775	2024	52.9	0.51	0.070	814	40.4	0	20.0	-9.2	0.37	1.00	-0.066	7036	76.5	19.6	40.6	0	19.5	-9.3	1	1	7.38	17.02	9.87	0.71	7036	67.0	19.2	40.3	0	20.2	-9.3	1	0	23.6	0	0	348227
 95.3770891	2024	53.9	0.50	0.074	814	40.3	0	20.0	-9.2	0.39	1.05	-0.066	7036	76.4	19.6	40.6	0	19.5	-9.3	1	1	7.42	16.88	9.81	0.71	7036	66.6	19.2	40.3	0	20.2	-9.3	1	0	23.6	0	0	348426
 95.3771007	2024	54.9	0.50	0.076	814	40.3	0	20.0	-9.2	0.42	1.17	-0.066	7036	76.4	19.6	40.5	0	19.5	-9.3	1	1	7.43	16.88	9.81	0.71	7036	66.2	19.2	40.3	0	20.2	-9.3	1	0	23.6	0	0	348627
 95.3771123	2024	55.9	0.50	0.073	814	40.3	0	20.0	-9.2	0.42	1.20	-0.066	7036	76.2	19.6	40.5	0	19.5	-9.3	1	1	7.45	16.75	9.75	0.71	7036	65.8	19.2	40.2	0	20.2	-9.3	1	0	23.6	0	0	348826
 95.3771238	2024	56.9	0.49	0.070	814	40.3	0	20.0	-9.2	0.45	1.28	-0.066	7036	76.0	19.6	40.5	0	19.6	-9.3	1	1	7.47	16.71	9.75	0.71	7036	65.8	19.2	40.2	0	20.2	-9.3	1	0	23.6	0	0	349027
 95.3771354	2024	57.9	0.50	0.059	814	40.3	0	20.0	-9.2	0.46	1.29	-0.066	7036	75.6	19.6	40.5	0	19.6	-9.3	1	1	7.53	16.63	9.72	0.71	7036	65.9	19.2	40.2	0	20.2	-9.3	1	0	23.6	0	0	349226
 95.3771470	2024	58.9	0.51	0.054	814	40.2	0	20.0	-9.2	0.49	1.37	-0.066	7036	75.3	19.6	40.5	0	19.6	-9.3	1	1	7.57	16.59	9.71	0.71	7036	65.8	19.2	40.2	0	20.2	-9.3	1	0	23.6	0	0	349427
 95.3771586	2024	59.9	0.53	0.037	814	40.2	0	20.0	-9.2	0.49	1.38	-0.066	7036	74.9	19.6	40.5	0	19.6	-9.3	1	1	7.68	16.49	9.69	0.71	7036	66.4	19.5	40.2	0	20.2	-9.3	1	0	23.6	0	0	349626
 95.3771701	2024	60.9	0.54	0.033	814	40.2	0	20.0	-9.2	0.52	1.46	-0.066	7036	74.6	19.6	40.4	0	19.6	-9.3	1	1	7.71	16.41	9.68	0.71	7036	66.8	19.5	40.2	0	20.2	-9.3	1	0	23.6	0	0	349827
 95.3771817	2024	61.9	0.57	0.015	814	40.2	0	20.0	-9.2	0.53	1.47	-0.066	7036	74.2	19.6	40.4	0	19.6	-9.3	1	1	7.88	16.29	9.65	0.71	7036	66.7	19.2	40.1	160	20.2	-9.3	1	0	23.6	0	0	350026
 95.3771933	2024	62.9	0.59	0.015	814	40.1	160	20.0	-9.2	0.55	1.54	-0.066	7036	74.0	19.6	40.4	0	19.6	-9.3	1	1	7.92	16.22	9.62	0.71	7036	66.8	19.2	40.1	160	20.2	-9.3	1	0	23.6	0	0	350226
 95.3772049	2024	63.9	0.61	-0.006	814	40.1	160	20.0	-9.2	0.56	1.55	-0.066	7036	73.8	19.6	40.4	0	19.6	-9.3	1	1	8.15	16.01	9.62	0.71	7036	66.8	19.2	40.1	160	20.2	-9.3	1	0	23.6	0	0	350426
 95.3772164	2024	64.9	0.63	-0.002	810	40.1	160	20.0	-9.2	0.58	1.58	-0.066	7036	73.6	19.6	40.4	0	19.6	-9.3	1	1	8.21	15.87	9.61	0.71	7036	66.4	19.2	40.1	160	20.2	-9.3	1	0	23.6	0	0	350626
 95.3772280	2024	65.9	0.68	-0.036	804	40.1	160	20.1	-9.2	0.59	1.61	-0.066	7036	73.4	19.6	40.3	0	19.6	-9.3	1	1	8.54	15.63	9.61	0.71	7036	66.2	19.4	40.1	160	20.2	-9.3	1	0	23.6	0	0	350827
 95.3772396	2024	66.9	0.71	-0.029	798	40.1	160	20.1	-9.2	0.61	1.63	-0.066	6985	73.3	19.6	40.3	0	19.6	-9.3	1	1	8.57	15.48	9.57	0.71	6980	65.8	19.5	40.1	160	20.2	-9.3	1	0	23.6	0	0	351026
 95.3772512	2024	67.9	0.73	-0.038	790	40.1	160	20.1	-9.2	0.62	1.66	-0.066	6937	73.1	19.6	40.3	0	19.6	-9.3	1	1	8.86	15.25	9.57	0.71	6901	65.2	19.2	40.1	160	20.2	-9.3	1	0	23.6	0	0	351226
 95.3772627	2024	68.9	0.74	-0.023	783	40.1	160	20.1	-9.2	0.65	1.73	-0.066	6874	72.8	19.6	40.3	0	19.6	-9.3	1	1	8.86	15.08	9.54	0.71	6836	64.7	19.2	40.2	0	20.2	-9.3	1	0	23.6	0	0	351426
 95.3772743	2024	69.9	0.74	-0.017	776	40.2	0	20.1	-9.2	0.67	1.75	-0.066	6816	72.5	19.6	40.3	0	19.6	-9.3	1	1	9.06	14.90	9.50	0.71	6766	63.9	19.2	40.2	0	20.2	-9.3	1	0	23.6	0	0	351626
 95.3772859	2024	70.9	0.73	-0.003	769	40.2	0	20.1	-9.2	0.70	1.81	-0.066	6744	72.2	19.6	40.2	0	19.6	-9.3	1	1	9.07	14.82	9.48	0.71	6706	63.3	19.5	40.3	0	20.2	-9.3	1	0	23.6	0	0	351826
 95.3772975	2024	71.9	0.74	-0.005	763	40.3	0	20.1	-9.2	0.71	1.82	-0.066	6681	72.0	19.6	40.2	0	19.6	-9.3	1	1	9.23	14.68	9.46	0.71	6643	62.2	19.3	40.4	0	20.2	-9.3	1	0	23.6	0	0	352026
 95.3773090	2024	72.9	0.71	-0.004	758	40.3	0	20.1	-9.2	0.73	1.87	-0.066	6606	71.8	19.6	40.2	0	19.6	-9.3	1	1	9.23	14.55	9.42	0.71	6591	61.1	19.2	40.4	0	20.2	-9.3	1	0	23.6	0	0	352227
 95.3773206	2024	73.9	0.73	-0.013	754	40.4	0	20.1	-9.2	0.73	1.85	-0.066	6539	71.7	19.6	40.2	0	19.6	-9.3	1	1	9.32	14.39	9.41	0.71	6539	60.1	19.2	40.5	0	20.2	-9.3	1	0	23.6	0	0	352427
 95.3773322	2024	74.9	0.75	-0.000	749	40.4	0	20.1	-9.2	0.75	1.87	-0.066	6463	71.4	19.6	40.2	0	19.6	-9.3	1	1	9.33	14.28	9.39	0.71	6494	59.4	19.4	40.5	0	20.2	-9.3	1	0	23.6	0	0	352626
 95.3773437	2024	75.9	0.75	0.010	744	40.5	0	20.1	-9.2	0.75	1.85	-0.066	6395	71.1	19.6	40.1	160	19.6	-9.3	1	1	9.41	14.20	9.37	0.71	6444	58.7	19.4	40.6	0	20.2	-9.3	1	0	23.6	0	0	352826
 95.3773553	2024	76.9	0.81	0.023	737	40.5	0	20.1	-9.2	0.77	1.86	-0.057	6319	70.8	19.7	40.1	160	19.6	-9.3	1	1	9.40	14.09	9.37	0.71	6390	57.5	19.2	40.6	0	20.2	-9.3	1	0	23.6	0	0	353027
 95.3773669	2024	77.9	0.80	0.047	731	40.5	0	20.1	-9.2	0.76	1.84	-0.021	6255	70.4	19.7	40.1	160	19.6	-9.3	1	1	9.46	13.96	9.34	0.71	6334	56.9	19.2	40.6	0	20.2	-9.3	1	0	23.5	0	0	353227
 95.3773785	2024	78.9	0.79	0.062	726	40.6	0	20.1	-9.2	0.76	1.82	0.031	6186	70.0	19.7	40.1	160	19.6	-9.3	1	1	9.46	13.89	9.32	0.71	6287	56.4	19.1	40.6	0	20.2	-9.3	1	0	23.5	0	0	353427
 95.3773900	2024	79.9	0.78	0.068	722	40.6	0	20.1	-9.2	0.76	1.78	0.074	6125	69.6	19.7	40.1	160	19.6	-9.3	1	1	9.53	13.79	9.27	0.71	6246	55.7	19.2	40.6	0	20.2	-9.3	1	0	23.5	0	0	353626
 95.3774016	2024	80.9	0.75	0.084	718	40.6	0	20.1	-9.2	0.74	1.72	0.121	6071	69.3	19.6	40.1	160	19.6	-9.3	1	1	9.57	13.75	9.26	0.71	6215	55.6	19.4	40.6	0	20.2	-9.3	1	0	23.5	0	0	353826
 95.3774132	2024	81.9	0.75	0.086	715	40.6	0	20.1	-9.2	0.74	1.68	0.166	6021	69.0	19.7	40.1	160	19.6	-9.3	1	1	9.74	13.68	9.23	0.71	6184	54.7	19.1	40.6	0	20.2	-9.3	1	0	23.5	0	0	354026
 95.3774248	2024	82.9	0.74	0.073	713	40.6	0	20.1	-9.2	0.72	1.59	0.199	5983	68.7	19.7	40.2	0	19.6	-9.3	1	1	9.76	13.62	9.23	0.71	6152	54.4	19.1	40.6	0	20.2	-9.3	1	0	23.5	0	0	354226
 95.3774363	2024	83.9	0.75	0.053	710	40.6	0	20.1	-9.2	0.72	1.55	0.221	5940	68.4	19.7	40.2	0	19.6	-9.3	1	1	9.84	13.46	9.20	0.71	6118	54.0	19.2	40.6	0	20.2	-9.3	1	0	23.5	0	0	354426
 95.3774479	2024	84.9	0.75	0.060	707	40.6	0	20.1	-9.2	0.69	1.46	0.240	5913	68.0	19.7	40.3	0	19.6	-9.3	1	1	9.82	13.36	9.19	0.71	6091	53.1	19.4	40.6	0	20.2	-9.3	1	0	23.5	0	0	354627
 95.3774595	2024	85.9	0.75	0.060	704	40.6	0	20.1	-9.2	0.69	1.42	0.251	5880	67.6	19.6	40.3	0	19.6	-9.3	1	1	9.90	13.22	9.16	0.71	6060	52.9	19.5	40.6	0	20.2	-9.3	1	0	23.5	0	0	354827
 95.3774711	2024	86.9	0.75	0.057	702	40.5	0	20.1	-9.2	0.67	1.33	0.258	5862	67.2	19.7	40.4	0	19.6	-9.3	1	1	9.90	13.13	9.15	0.71	6031	51.8	19.2	40.6	0	20.2	-9.3	1	0	23.5	0	0	355026
 95.3774826	2024	87.9	0.76	0.049	699	40.5	0	20.1	-9.2	0.67	1.30	0.254	5839	66.9	19.7	40.5	0	19.6	-9.3	1	1	9.95	12.99	9.13	0.71	6001	51.2	19.2	40.6	0	20.2	-9.3	1	0	23.5	0	0	355227
 95.3774942	2024	88.9	0.76	0.050	697	40.5	0	20.1	-9.2	0.65	1.25	0.251	5821	66.6	19.7	40.5	0	19.6	-9.3	1	1	9.92	12.87	9.13	0.71	5974	50.9	19.2	40.5	0	20.2	-9.3	1	0	23.5	0	0	355427
 95.3775058	2024	89.9	0.76	0.055	694	40.5	0	20.1	-9.2	0.66	1.24	0.248	5799	66.2	19.7	40.5	0	19.6	-9.3	1	1	9.94	12.74	9.09	0.71	5949	50.3	19.5	40.5	0	20.2	-9.3	1	0	23.5	0	0	355627
 95.3775174	2024	90.9	0.76	0.059	692	40.5	0	20.1	-9.2	0.64	1.19	0.247	5787	66.0	19.7	40.6	0	19.6	-9.2	1	1	9.93	12.64	9.09	0.71	5925	49.7	19.4	40.5	0	20.2	-9.3	1	0	23.5	0	0	355826
 95.3775289	2024	91.9	0.76	0.060	690	40.5	0	20.1	-9.2	0.65	1.18	0.242	5769	65.8	19.7	40.6	0	19.6	-9.3	1	1	9.95	12.50	9.06	0.71	5902	49.1	19.2	40.5	0	20.2	-9.3	1	0	23.5	0	0	356026
 95.3775405	2024	92.9	0.75	0.062	688	40.5	0	20.1	-9.2	0.62	1.08	0.234	5765	65.5	19.7	40.6	0	19.6	-9.3	1	1	9.92	12.39	9.04	0.71	5880	48.0	19.2	40.5	0	20.2	-9.3	1	0	23.5	0	0	356226
 95.3775521	2024	93.9	0.75	0.061	686	40.4	0	20.1	-9.2	0.62	1.06	0.218	5756	65.1	19.7	40.6	0	19.6	-9.3	1	1	9.94	12.24	9.02	0.71	5860	47.6	19.2	40.5	0	20.2	-9.3	1	0	23.5	0	0	356426
 95.3775637	2024	94.9	0.75	0.062	684	40.4	0	20.1	-9.2	0.59	0.97	0.200	5760	64.7	19.7	40.6	0	19.6	-9.3	1	1	9.92	12.14	9.01	0.71	5844	47.1	19.5	40.4	0	20.2	-9.3	1	0	23.5	0	0	356627
 95.3775752	2024	95.9	0.75	0.062	683	40.4	0	20.1	-9.2	0.60	0.96	0.176	5756	64.4	19.7	40.6	0	19.6	-9.3	1	1	9.92	12.01	8.97	0.71	5828	46.4	19.3	40.4	0	20.3	-9.3	1	1	23.5	0	0	356827
 95.3775868	2024	96.9	0.75	0.062	682	40.4	0	20.1	-9.2	0.58	0.91	0.152	5763	64.0	19.7	40.6	0	19.6	-9.3	1	1	9.90	11.90	8.97	0.71	5812	46.0	19.2	40.4	0	20.2	-9.3	1	1	23.5	0	0	357026
 95.3775984	2024	97.9	0.75	0.061	680	40.4	0	20.1	-9.2	0.59	0.91	0.128	5763	63.8	19.7	40.6	0	19.6	-9.3	1	1	9.90	11.79	8.94	0.71	5797	45.7	19.2	40.4	0	20.2	-9.3	1	1	23.5	0	0	357226
 95.3776100	2024	98.9	0.75	0.061	679	40.3	0	20.1	-9.2	0.58	0.89	0.107	5767	63.4	19.7	40.6	0	19.6	-9.3	1	1	9.87	11.69	8.94	0.71	5785	45.6	19.3	40.4	0	20.2	-9.3	1	1	23.5	0	0	357427
 95.3776215	2024	99.9	0.74	0.061	678	40.3	0	20.1	-9.2	0.59	0.90	0.085	5767	63.1	19.7	40.6	0	19.7	-9.3	1	1	9.88	11.57	8.91	0.71	5772	45.5	19.5	40.3	0	20.2	-9.3	1	1	23.5	0	0	357626
 95.3776331	2024	100.9	0.74	0.060	677	40.3	0	20.1	-9.2	0.59	0.91	0.068	5767	62.8	19.7	40.6	0	19.7	-9.3	1	1	9.85	11.47	8.91	0.71	5760	44.9	19.2	40.3	0	20.3	-9.3	1	1	23.5	0	0	357826
 95.3776447	2024	101.9	0.75	0.057	676	40.3	0	20.1	-9.2	0.60	0.92	0.053	5763	62.3	19.7	40.5	0	19.7	-9.3	1	1	9.85	11.35	8.88	0.71	5749	44.6	19.2	40.3	0	20.3	-9.3	1	1	23.5	0	0	358027
 95.3776563	2024	102.9	0.75	0.055	675	40.3	0	20.1	-9.2	0.61	0.94	0.044	5758	61.9	19.7	40.5	0	19.7	-9.3	1	1	9.83	11.27	8.88	0.71	5738	44.1	19.2	40.3	0	20.2	-9.3	1	1	23.5	0	0	358227
 95.3776678	2024	103.9	0.75	0.053	674	40.2	0	20.1	-9.2	0.61	0.95	0.037	5752	61.5	19.7	40.5	0	19.7	-9.3	1	1	9.83	11.17	8.85	0.71	5727	43.9	19.5	40.3	0	20.3	-9.3	1	1	23.5	0	0	358426
 95.3776794	2024	104.9	0.75	0.053	673	40.2	0	20.1	-9.2	0.62	0.96	0.036	5745	61.1	19.7	40.5	0	19.7	-9.3	1	1	9.82	11.09	8.85	0.71	5716	43.4	19.4	40.3	0	20.3	-9.3	1	1	23.4	0	0	358627
 95.3776910	2024	105.9	0.75	0.057	672	40.2	0	20.1	-9.2	0.62	0.97	0.037	5736	60.7	19.7	40.5	0	19.7	-9.3	1	1	9.80	11.01	8.83	0.71	5707	42.7	19.2	40.2	0	20.3	-9.3	1	1	23.4	0	0	358826
 95.3777025	2024	106.9	0.75	0.058	671	40.2	0	20.1	-9.2	0.63	0.97	0.042	5727	60.3	19.7	40.5	0	19.7	-9.3	1	1	9.79	10.93	8.83	0.71	5697	42.4	19.2	40.2	0	20.3	-9.3	1	1	23.4	0	0	359026
 95.3777141	2024	107.9	0.75	0.060	670	40.2	0	20.1	-9.2	0.63	0.97	0.047	5718	59.9	19.7	40.4	0	19.7	-9.3	1	1	9.78	10.86	8.79	0.71	5688	42.1	19.2	40.2	0	20.3	-9.3	1	1	23.4	0	0	359226
 95.3777257	2024	108.9	0.75	0.060	669	40.1	160	20.1	-9.2	0.62	0.97	0.054	5707	59.3	19.7	40.4	0	19.7	-9.3	1	1	9.77	10.79	8.80	0.71	5679	42.1	19.4	40.2	0	20.3	-9.3	1	1	23.4	0	0	359426
 95.3777373	2024	109.9	0.75	0.060	668	40.1	160	20.1	-9.2	0.63	0.97	0.057	5700	58.8	19.7	40.4	0	19.7	-9.3	1	1	9.75	10.72	8.77	0.71	5670	41.5	19.4	40.2	0	20.3	-9.3	1	1	23.4	0	0	359627
 95.3777488	2024	110.9	0.75	0.059	668	40.1	160	20.1	-9.2	0.63	0.96	0.064	5689	58.4	19.7	40.4	0	19.7	-9.3	1	1	9.74	10.64	8.77	0.71	5661	41.2	19.2	40.1	160	20.3	-9.3	1	1	23.4	0	0	359826
 95.3777604	2024	111.9	0.75	0.059	667	40.1	160	20.1	-9.2	0.63	0.95	0.070	5680	58.0	19.7	40.4	0	19.7	-9.3	1	1	9.73	10.55	8.74	0.71	5652	40.7	19.2	40.1	160	20.3	-9.3	1	1	23.4	0	0	360026
 95.3777720	2024	112.9	0.75	0.060	666	40.1	160	20.1	-9.2	0.62	0.94	0.075	5673	57.6	19.7	40.4	0	19.7	-9.3	1	1	9.71	10.51	8.74	0.71	5644	40.4	19.3	40.1	160	20.3	-9.3	1	1	23.4	0	0	360227
 95.3777836	2024	113.9	0.74	0.064	665	40.1	160	20.1	-9.2	0.63	0.93	0.079	5664	57.2	19.7	40.3	0	19.7	-9.3	1	1	9.69	10.42	8.71	0.71	5637	40.5	19.5	40.1	160	20.3	-9.3	1	1	23.4	0	0	360427
 95.3777951	2024	114.9	0.74	0.067	665	40.1	160	20.1	-9.2	0.62	0.91	0.083	5659	56.9	19.7	40.3	0	19.7	-9.3	1	1	9.66	10.36	8.70	0.71	5630	39.9	19.2	40.1	160	20.3	-9.3	1	1	23.4	0	0	360626
 95.3778067	2024	115.9	0.73	0.069	664	40.2	0	20.1	-9.2	0.62	0.90	0.092	5652	56.6	19.7	40.3	0	19.7	-9.3	1	1	9.62	10.31	8.68	0.71	5628	39.6	19.2	40.1	160	20.3	-9.3	1	1	23.4	0	0	360826
 95.3778183	2024	116.9	0.73	0.067	664	40.2	0	20.1	-9.2	0.61	0.88	0.098	5648	56.4	19.7	40.3	0	19.7	-9.3	1	1	9.60	10.27	8.68	0.71	5625	39.1	19.2	40.1	160	20.3	-9.3	1	1	23.4	0	0	361026
 95.3778299	2024	117.9	0.73	0.068	664	40.3	0	20.1	-9.2	0.61	0.87	0.106	5644	56.0	19.7	40.3	0	19.7	-9.3	1	1	9.57	10.23	8.66	0.71	5625	38.9	19.4	40.2	0	20.3	-9.3	1	1	23.4	0	0	361226
 95.3778414	2024	118.9	0.73	0.066	664	40.4	0	20.1	-9.2	0.60	0.83	0.110	5644	55.7	19.7	40.2	0	19.7	-9.3	1	1	9.56	10.20	8.65	0.71	5621	38.4	19.5	40.2	0	20.3	-9.3	1	1	23.4	0	0	361426
 95.3778530	2024	119.9	0.72	0.066	664	40.4	0	20.1	-9.2	0.60	0.83	0.114	5643	55.5	19.7	40.2	0	19.7	-9.3	1	1	9.52	10.17	8.62	0.71	5623	37.7	19.3	40.3	0	20.3	-9.3	1	1	23.4	0	0	361627
 95.3778657	2024	120.9	0.72	0.063	664	40.5	0	20.1	-9.2	0.59	0.79	0.113	5646	55.4	19.7	40.2	0	19.7	-9.3	1	1	9.50	10.15	8.62	0.71	5621	37.3	19.3	40.4	0	20.3	-9.3	1	1	23.4	0	0	361827
 95.3778773	2024	121.9	0.72	0.064	664	40.5	0	20.1	-9.2	0.59	0.79	0.112	5648	55.1	19.7	40.2	0	19.7	-9.3	1	1	9.48	10.11	8.60	0.71	5623	36.9	19.3	40.4	0	20.3	-9.3	1	1	23.4	0	0	362026
 95.3778889	2024	122.9	0.72	0.063	664	40.5	0	20.1	-9.2	0.58	0.75	0.106	5653	54.9	19.8	40.2	0	19.7	-9.3	1	1	9.46	10.08	8.61	0.70	5623	36.8	19.3	40.5	0	20.3	-9.3	1	1	23.4	0	0	362227
 95.3779005	2024	123.9	0.72	0.063	664	40.6	0	20.1	-9.2	0.58	0.75	0.101	5659	54.7	19.7	40.1	160	19.7	-9.3	1	1	9.43	10.04	8.58	0.69	5625	36.9	19.5	40.5	0	20.3	-9.3	1	1	23.4	0	0	362426
 95.3779120	2024	124.9	0.72	0.061	664	40.6	0	20.1	-9.2	0.57	0.72	0.091	5668	54.5	19.7	40.1	160	19.7	-9.3	1	1	9.41	10.01	8.58	0.66	5625	36.8	19.5	40.6	0	20.3	-9.3	1	1	23.4	0	0	362626
 95.3779236	2024	125.9	0.72	0.061	664	40.6	0	20.1	-9.2	0.57	0.72	0.082	5675	54.4	19.8	40.1	160	19.7	-9.3	1	1	9.38	9.98	8.56	0.63	5626	36.6	19.3	40.6	0	20.3	-9.3	1	1	23.4	0	0	362827
 95.3779352	2024	126.9	0.72	0.060	665	40.6	0	20.1	-9.2	0.57	0.71	0.070	5684	54.4	19.8	40.1	160	19.7	-9.3	1	1	9.36	9.95	8.56	0.61	5626	36.6	19.3	40.6	0	20.3	-9.3	1	1	23.4	0	0	363026
 95.3779468	2024	127.9	0.72	0.060	665	40.6	0	20.1	-9.2	0.57	0.72	0.061	5691	54.2	19.8	40.1	160	19.7	-9.3	1	1	9.34	9.91	8.53	0.58	5630	36.5	19.3	40.6	0	20.3	-9.3	1	1	23.4	0	0	363226
 95.3779583	2024	128.9	0.72	0.059	665	40.6	0	20.1	-9.2	0.58	0.72	0.052	5697	54.0	19.8	40.1	160	19.7	-9.3	1	1	9.32	9.90	8.55	0.56	5632	36.4	19.3	40.6	0	20.3	-9.3	1	1	23.4	0	0	363426
 95.3779699	2024	129.9	0.72	0.062	665	40.6	0	20.2	-9.2	0.58	0.73	0.044	5702	53.6	19.8	40.1	160	19.7	-9.3	1	1	9.30	9.86	8.51	0.54	5634	36.6	19.5	40.6	0	20.3	-9.3	1	1	23.4	0	0	363626
 95.3779815	2024	130.9	0.72	0.063	665	40.6	0	20.2	-9.2	0.58	0.75	0.038	5704	53.2	19.7	40.2	0	19.7	-9.3	1	1	9.29	9.85	8.52	0.53	5634	36.6	19.6	40.6	0	20.3	-9.3	1	1	23.4	0	0	363827
 95.3779931	2024	131.9	0.71	0.067	665	40.6	0	20.2	-9.2	0.59	0.76	0.034	5706	52.7	19.8	40.2	0	19.7	-9.3	1	1	9.27	9.84	8.50	0.53	5635	36.4	19.3	40.6	0	20.3	-9.3	1	1	23.3	0	0	364027
 95.3780046	2024	132.9	0.71	0.065	665	40.5	0	20.2	-9.2	0.60	0.78	0.033	5704	52.2	19.8	40.3	0	19.7	-9.3	1	1	9.26	9.83	8.50	0.52	5634	36.3	19.3	40.6	0	20.3	-9.3	1	1	23.3	0	0	364226
 95.3780162	2024	133.9	0.71	0.063	665	40.5	0	20.2	-9.2	0.60	0.79	0.034	5704	51.7	19.8	40.4	0	19.7	-9.3	1	1	9.24	9.82	8.48	0.52	5634	36.2	19.3	40.6	0	20.3	-9.3	1	1	23.3	0	0	364427
 95.3780278	2024	134.9	0.71	0.060	665	40.5	0	20.2	-9.2	0.61	0.81	0.038	5698	51.3	19.8	40.4	0	19.7	-9.3	1	1	9.24	9.79	8.48	0.52	5632	36.2	19.3	40.6	0	20.3	-9.3	1	1	23.3	0	0	364627
 95.3780394	2024	135.9	0.71	0.057	665	40.5	0	20.2	-9.2	0.61	0.81	0.044	5697	50.9	19.7	40.5	0	19.7	-9.3	1	1	9.22	9.78	8.46	0.52	5632	36.2	19.4	40.6	0	20.3	-9.3	1	1	23.3	0	0	364827
 95.3780509	2024	136.9	0.71	0.054	665	40.5	0	20.2	-9.2	0.61	0.82	0.050	5691	50.5	19.7	40.5	0	19.7	-9.3	1	1	9.22	9.75	8.47	0.52	5630	36.3	19.6	40.6	0	20.3	-9.3	1	1	23.3	0	0	365026
 95.3780625	2024	137.9	0.72	0.052	665	40.5	0	20.2	-9.2	0.61	0.81	0.057	5688	50.2	19.8	40.5	0	19.7	-9.3	1	1	9.20	9.75	8.44	0.52	5628	36.0	19.3	40.6	0	20.3	-9.3	1	1	23.3	0	0	365226
 95.3780741	2024	138.9	0.73	0.054	664	40.5	0	20.2	-9.2	0.61	0.81	0.062	5684	50.0	19.8	40.6	0	19.7	-9.3	1	1	9.19	9.72	8.45	0.51	5626	36.0	19.3	40.5	0	20.3	-9.3	1	1	23.3	0	0	365426
 95.3780856	2024	139.9	0.72	0.058	664	40.4	0	20.2	-9.2	0.61	0.80	0.067	5679	49.9	19.8	40.6	0	19.7	-9.3	1	1	9.17	9.68	8.42	0.52	5626	35.8	19.2	40.5	0	20.3	-9.3	1	0	23.3	0	0	365627
 95.3780972	2024	140.9	0.73	0.061	664	40.4	0	20.2	-9.2	0.61	0.80	0.070	5677	49.8	19.8	40.6	0	19.7	-9.3	1	1	9.17	9.68	8.42	0.52	5625	35.8	19.2	40.5	0	20.3	-9.3	1	0	23.3	0	0	365826
 95.3781088	2024	141.9	0.72	0.064	664	40.4	0	20.2	-9.2	0.61	0.79	0.075	5673	49.8	19.8	40.6	0	19.7	-9.3	1	1	9.15	9.67	8.41	0.52	5623	35.8	19.3	40.5	0	20.3	-9.3	1	0	23.3	0	0	366026
 95.3781204	2024	142.9	0.72	0.063	664	40.4	0	20.2	-9.2	0.61	0.78	0.076	5671	49.7	19.7	40.6	0	19.7	-9.3	1	1	9.14	9.64	8.41	0.52	5621	36.0	19.5	40.5	0	20.3	-9.3	1	0	23.3	0	0	366227
 95.3781319	2024	143.9	0.72	0.063	663	40.4	0	20.2	-9.2	0.61	0.78	0.077	5668	49.8	19.8	40.6	0	19.7	-9.3	1	1	9.12	9.60	8.39	0.52	5619	35.7	19.3	40.5	0	20.3	-9.3	1	0	23.3	0	0	366426
 95.3781435	2024	144.9	0.72	0.061	663	40.3	0	20.2	-9.2	0.60	0.76	0.077	5668	49.6	19.8	40.6	0	19.7	-9.3	1	1	9.12	9.59	8.39	0.52	5617	35.6	19.2	40.4	0	20.3	-9.3	1	0	23.3	0	0	366627
 95.3781551	2024	145.9	0.72	0.061	663	40.3	0	20.2	-9.2	0.61	0.76	0.077	5666	49.5	19.8	40.6	0	19.7	-9.3	1	1	9.09	9.59	8.38	0.52	5617	35.6	19.2	40.4	0	20.3	-9.3	1	0	23.3	0	0	366827
 95.3781667	2024	146.9	0.72	0.060	663	40.3	0	20.2	-9.2	0.60	0.74	0.074	5668	49.3	19.8	40.6	0	19.7	-9.3	1	1	9.08	9.55	8.38	0.52	5616	35.6	19.2	40.4	0	20.3	-9.3	1	0	23.3	0	0	367026
 95.3781782	2024	147.9	0.72	0.060	663	40.3	0	20.2	-9.2	0.60	0.74	0.072	5668	49.1	19.8	40.6	0	19.7	-9.3	1	1	9.08	9.54	8.36	0.52	5616	35.6	19.3	40.4	0	20.3	-9.3	1	0	23.3	0	0	367226
 95.3781898	2024	148.9	0.72	0.060	663	40.3	0	20.2	-9.2	0.60	0.73	0.068	5668	48.9	19.8	40.6	0	19.7	-9.3	1	1	9.05	9.52	8.36	0.52	5614	35.8	19.6	40.4	0	20.3	-9.3	1	0	23.3	0	0	367427
 95.3782014	2024	150.0	0.71	0.063	663	40.2	0	20.2	-9.2	0.60	0.73	0.066	5668	48.7	19.8	40.5	0	19.7	-9.3	1	1	9.04	9.49	8.35	0.52	5614	35.6	19.3	40.3	0	20.3	-9.3	1	0	23.3	0	0	367626
 95.3782130	2024	151.0	0.71	0.065	663	40.2	0	20.2	-9.2	0.60	0.73	0.064	5668	48.4	19.8	40.5	0	19.7	-9.3	1	1	9.04	9.50	8.35	0.52	5612	35.6	19.3	40.3	0	20.3	-9.3	1	0	23.3	0	0	367827
 95.3782245	2024	152.0	0.71	0.064	663	40.2	0	20.2	-9.2	0.60	0.73	0.063	5668	48.1	19.8	40.5	0	19.7	-9.3	1	1	9.02	9.48	8.33	0.52	5612	35.6	19.3	40.3	0	20.3	-9.3	1	0	23.3	0	0	368027
 95.3782361	2024	153.0	0.71	0.062	663	40.2	0	20.2	-9.2	0.60	0.73	0.061	5668	47.7	19.8	40.5	0	19.7	-9.3	1	1	9.01	9.46	8.33	0.52	5612	35.6	19.3	40.3	0	20.3	-9.3	1	0	23.3	0	0	368226
 95.3782477	2024	154.0	0.71	0.060	663	40.2	0	20.2	-9.2	0.60	0.73	0.061	5668	47.2	19.8	40.5	0	19.7	-9.3	1	1	9.01	9.45	8.32	0.52	5612	35.7	19.4	40.3	0	20.3	-9.3	1	0	23.3	0	0	368426
 95.3782593	2024	155.0	0.71	0.058	663	40.1	160	20.2	-9.2	0.60	0.73	0.060	5668	46.8	19.7	40.5	0	19.8	-9.3	1	1	9.00	9.44	8.32	0.52	5610	35.9	19.6	40.3	0	20.3	-9.3	1	0	23.3	0	0	368627
 95.3782708	2024	156.0	0.71	0.057	663	40.1	160	20.2	-9.2	0.60	0.73	0.059	5668	46.5	19.8	40.5	0	19.8	-9.3	1	1	8.97	9.43	8.31	0.52	5610	35.7	19.3	40.2	0	20.3	-9.3	1	0	23.3	0	0	368827
 95.3782824	2024	157.0	0.72	0.056	663	40.1	160	20.2	-9.2	0.60	0.73	0.059	5666	46.2	19.8	40.4	0	19.8	-9.3	1	1	8.96	9.42	8.30	0.52	5608	35.6	19.3	40.2	0	20.3	-9.3	1	0	23.2	0	0	369026
 95.3782940	2024	158.0	0.72	0.058	663	40.1	160	20.2	-9.2	0.60	0.73	0.058	5666	45.9	19.8	40.4	0	19.8	-9.3	1	1	8.96	9.40	8.29	0.52	5608	35.6	19.3	40.2	0	20.4	-9.3	1	0	23.2	0	0	369227
 95.3783056	2024	159.0	0.72	0.058	662	40.1	160	20.2	-9.2	0.61	0.73	0.059	5664	45.6	19.8	40.4	0	19.8	-9.3	1	1	8.95	9.38	8.30	0.52	5607	35.6	19.3	40.2	0	20.4	-9.3	1	0	23.2	0	0	369426
 95.3783171	2024	160.0	0.72	0.061	662	40.1	160	20.2	-9.2	0.61	0.73	0.060	5662	45.3	19.8	40.4	0	19.7	-9.2	1	1	8.94	9.36	8.29	0.52	5607	35.7	19.3	40.2	0	20.4	-9.3	1	0	23.2	0	0	369626
 95.3783287	2024	161.0	0.72	0.061	662	40.2	0	20.2	-9.2	0.61	0.73	0.060	5661	45.1	19.8	40.4	0	19.8	-9.3	1	1	8.91	9.36	8.29	0.52	5605	35.9	19.5	40.1	160	20.4	-9.3	1	0	23.2	0	0	369827
 95.3783403	2024	162.0	0.71	0.061	662	40.2	0	20.2	-9.2	0.61	0.73	0.061	5659	44.8	19.8	40.3	0	19.8	-9.3	1	1	8.91	9.33	8.27	0.52	5603	35.8	19.3	40.1	160	20.4	-9.3	1	0	23.2	0	0	370026
 95.3783519	2024	163.0	0.72	0.061	662	40.3	0	20.2	-9.2	0.61	0.73	0.062	5657	44.5	19.8	40.3	0	19.8	-9.3	1	1	8.90	9.32	8.29	0.52	5601	35.7	19.2	40.1	160	20.4	-9.3	1	0	23.2	0	0	370226
 95.3783634	2024	164.0	0.71	0.061	662	40.3	0	20.2	-9.2	0.61	0.72	0.063	5655	44.3	19.8	40.3	0	19.8	-9.3	1	1	8.89	9.31	8.26	0.52	5601	35.6	19.2	40.1	160	20.4	-9.3	1	0	23.2	0	0	370426
 95.3783750	2024	165.0	0.71	0.061	662	40.4	0	20.2	-9.2	0.61	0.72	0.063	5655	44.1	19.8	40.3	0	19.8	-9.3	1	1	8.89	9.31	8.26	0.52	5601	35.6	19.2	40.1	160	20.4	-9.3	1	0	23.2	0	0	370627
 95.3783866	2024	166.0	0.71	0.061	662	40.4	0	20.2	-9.2	0.61	0.72	0.064	5653	44.0	19.8	40.3	0	19.8	-9.3	1	1	8.87	9.28	8.25	0.52	5599	35.6	19.3	40.1	160	20.4	-9.3	1	0	23.2	0	0	370827
 95.3783981	2024	167.0	0.71	0.061	662	40.5	0	20.2	-9.2	0.61	0.71	0.064	5653	43.8	19.8	40.2	0	19.8	-9.3	1	1	8.86	9.28	8.26	0.52	5599	35.7	19.5	40.1	160	20.4	-9.3	1	0	23.2	0	0	371027
 95.3784097	2024	168.0	0.71	0.061	662	40.5	0	20.2	-9.2	0.61	0.71	0.064	5653	43.6	19.8	40.2	0	19.8	-9.3	1	1	8.84	9.28	8.24	0.52	5599	35.4	19.3	40.2	0	20.4	-9.3	1	0	23.2	0	0	371226
 95.3784213	2024	169.0	0.71	0.061	662	40.5	0	20.2	-9.2	0.60	0.71	0.063	5652	43.5	19.8	40.2	0	19.8	-9.3	1	1	8.84	9.25	8.25	0.52	5598	35.3	19.3	40.3	0	20.4	-9.3	1	0	23.2	0	0	371426
 95.3784329	2024	170.0	0.71	0.062	662	40.5	0	20.2	-9.2	0.60	0.71	0.063	5652	43.3	19.8	40.2	0	19.8	-9.3	1	1	8.83	9.25	8.22	0.52	5598	35.2	19.3	40.3	0	20.4	-9.3	1	0	23.2	0	0	371627
 95.3784444	2024	171.0	0.71	0.062	661	40.5	0	20.2	-9.2	0.60	0.70	0.062	5652	43.1	19.8	40.2	0	19.8	-9.3	1	1	8.83	9.23	8.24	0.52	5596	35.2	19.3	40.4	0	20.4	-9.3	1	0	23.2	0	0	371827
 95.3784560	2024	172.0	0.71	0.064	661	40.5	0	20.2	-9.2	0.60	0.70	0.062	5650	42.8	19.8	40.1	160	19.8	-9.3	1	1	8.82	9.22	8.22	0.52	5596	35.3	19.4	40.4	0	20.4	-9.3	1	0	23.2	0	0	372026
 95.3784676	2024	173.0	0.70	0.065	661	40.5	0	20.2	-9.2	0.60	0.70	0.060	5650	42.6	19.8	40.1	160	19.8	-9.3	1	1	8.80	9.19	8.22	0.52	5594	35.3	19.6	40.5	0	20.4	-9.3	1	0	23.2	0	0	372226
 95.3784792	2024	174.0	0.70	0.063	661	40.5	0	20.2	-9.2	0.60	0.70	0.059	5650	42.5	19.8	40.1	160	19.8	-9.3	1	1	8.79	9.18	8.21	0.52	5594	35.0	19.3	40.5	0	20.4	-9.3	1	0	23.2	0	0	372427
 95.3784907	2024	175.0	0.70	0.061	661	40.5	0	20.2	-9.2	0.61	0.70	0.058	5650	42.3	19.8	40.1	160	19.8	-9.3	1	1	8.78	9.17	8.21	0.52	5592	35.0	19.3	40.6	0	20.4	-9.3	1	0	23.2	0	0	372626
 95.3785023	2024	176.0	0.70	0.058	661	40.5	0	20.2	-9.2	0.61	0.71	0.059	5648	42.2	19.8	40.1	160	19.8	-9.3	1	1	8.76	9.16	8.20	0.52	5592	35.0	19.3	40.6	0	20.4	-9.3	1	0	23.2	0	0	372827
 95.3785139	2024	177.0	0.71	0.055	661	40.5	0	20.2	-9.2	0.61	0.71	0.059	5646	42.0	19.8	40.1	160	19.8	-9.3	1	1	8.76	9.15	8.20	0.52	5590	34.9	19.3	40.6	0	20.4	-9.3	1	0	23.2	0	0	373026
 95.3785255	2024	178.0	0.71	0.058	661	40.5	0	20.2	-9.2	0.61	0.71	0.059	5646	41.8	19.8	40.1	160	19.8	-9.3	1	1	8.75	9.13	8.19	0.52	5590	35.0	19.4	40.6	0	20.4	-9.3	1	0	23.2	0	0	373226
 95.3785370	2024	179.0	0.71	0.059	661	40.5	0	20.2	-9.2	0.61	0.71	0.059	5644	41.5	19.8	40.2	0	19.8	-9.3	1	1	8.73	9.14	8.19	0.52	5589	35.3	19.6	40.6	0	20.4	-9.3	1	0	23.2	0	0	373427
 95.3785486	2024	180.0	0.71	0.060	661	40.5	0	20.2	-9.2	0.61	0.71	0.061	5643	41.4	19.8	40.2	0	19.8	-9.3	1	1	8.73	9.12	8.18	0.52	5589	35.1	19.3	40.6	0	20.4	-9.3	1	0	23.2	0	0	373626
 95.3785602	2024	181.0	0.71	0.061	661	40.5	0	20.2	-9.2	0.61	0.71	0.061	5641	41.3	19.8	40.3	0	19.8	-9.3	1	1	8.72	9.09	8.18	0.52	5587	35.2	19.3	40.6	0	20.4	-9.3	1	0	23.2	0	0	373827
 95.3785718	2024	182.0	0.71	0.061	661	40.5	0	20.2	-9.2	0.61	0.71	0.062	5641	41.1	19.8	40.4	0	19.8	-9.3	1	1	8.71	9.08	8.18	0.52	5587	35.2	19.3	40.6	0	20.4	-9.3	1	0	23.2	0	0	374026
 95.3785833	2024	183.0	0.71	0.053	660	40.4	0	20.2	-9.2	0.61	0.71	0.053	5637	40.9	19.8	40.4	0	19.8	-9.3	1	1	8.62	9.00	8.19	0.50	5578	35.1	19.3	40.6	0	20.4	-9.3	1	0	23.2	0	0	374226
 95.3785949	2024	184.0	0.72	0.050	660	40.4	0	20.2	-9.2	0.60	0.73	0.044	5634	40.8	19.8	40.5	0	19.8	-9.3	1	1	8.55	8.89	8.17	0.50	5572	35.2	19.4	40.6	0	20.4	-9.3	1	0	23.2	0	0	374427
 95.3786065	2024	185.0	0.73	0.045	659	40.4	0	20.2	-9.2	0.60	0.74	0.037	5626	40.6	19.8	40.5	0	19.8	-9.3	1	1	8.43	8.78	8.18	0.48	5562	35.2	19.6	40.6	0	20.4	-9.3	1	0	23.1	0	0	374626
 95.3786181	2024	186.0	0.73	0.051	658	40.4	0	20.2	-9.2	0.60	0.75	0.037	5616	40.5	19.8	40.6	0	19.8	-9.3	1	1	8.35	8.65	8.16	0.48	5554	35.0	19.3	40.6	0	20.4	-9.3	1	0	23.1	0	0	374826
 95.3786296	2024	187.0	0.74	0.049	657	40.4	0	20.2	-9.2	0.60	0.76	0.037	5605	40.4	19.8	40.6	0	19.8	-9.3	1	1	8.26	8.58	8.17	0.47	5542	35.0	19.4	40.6	0	20.4	-9.3	1	0	23.1	0	0	375026
 95.3786412	2024	188.0	0.74	0.053	656	40.4	0	20.2	-9.2	0.60	0.77	0.042	5594	40.3	19.8	40.6	0	19.8	-9.3	1	1	8.20	8.50	8.16	0.48	5535	35.0	19.4	40.6	0	20.4	-9.3	1	0	23.1	0	0	375226
 95.3786528	2024	189.0	0.74	0.050	655	40.3	0	20.2	-9.2	0.60	0.77	0.045	5581	40.2	19.8	40.6	0	19.8	-9.3	1	1	8.12	8.40	8.16	0.46	5520	35.0	19.4	40.6	0	20.4	-9.3	1	0	23.1	0	0	375427
 95.3786644	2024	190.0	0.75	0.052	654	40.3	0	20.2	-9.2	0.58	0.77	0.052	5567	40.1	19.8	40.6	0	19.8	-9.3	1	1	8.05	8.33	8.15	0.47	5511	35.1	19.4	40.5	0	20.4	-9.3	1	0	23.1	0	0	375627
 95.3786759	2024	191.0	0.74	0.056	653	40.3	0	20.2	-9.2	0.58	0.76	0.065	5553	40.0	19.8	40.6	0	19.8	-9.3	1	1	8.03	8.29	8.14	0.47	5502	35.3	19.6	40.5	0	20.4	-9.3	1	0	23.1	0	0	375826
 95.3786875	2024	192.0	0.74	0.063	652	40.3	0	20.2	-9.2	0.55	0.75	0.080	5536	39.9	19.8	40.6	0	19.8	-9.3	1	1	8.02	8.27	8.12	0.48	5495	35.4	19.6	40.5	0	20.4	-9.3	1	0	23.1	0	0	376026
 95.3786991	2024	193.0	0.74	0.063	651	40.3	0	20.2	-9.2	0.54	0.72	0.092	5526	39.9	19.8	40.6	0	19.8	-9.3	1	1	7.97	8.26	8.14	0.47	5486	35.4	19.3	40.5	0	20.4	-9.3	1	0	23.1	0	0	376226
 95.3787106	2024	194.0	0.73	0.062	651	40.2	0	20.2	-9.2	0.52	0.70	0.099	5515	39.9	19.8	40.6	0	19.8	-9.3	1	1	7.95	8.19	8.12	0.48	5481	35.4	19.3	40.5	0	20.4	-9.3	1	0	23.1	0	0	376426
 95.3787222	2024	195.0	0.74	0.056	650	40.2	0	20.2	-9.2	0.51	0.68	0.101	5506	40.0	19.8	40.6	0	19.8	-9.3	1	1	7.88	8.13	8.13	0.46	5466	35.5	19.3	40.5	0	20.4	-9.3	1	0	23.1	0	0	376627
 95.3787338	2024	196.0	0.74	0.055	649	40.2	0	20.2	-9.2	0.49	0.65	0.094	5499	40.0	19.8	40.6	0	19.8	-9.3	1	1	7.82	8.08	8.11	0.47	5459	35.8	19.4	40.4	0	20.4	-9.3	1	0	23.1	0	0	376826
 95.3787454	2024	197.0	0.75	0.047	648	40.2	0	20.2	-9.2	0.48	0.64	0.083	5493	40.2	19.8	40.6	0	19.8	-9.3	1	1	7.74	7.97	8.13	0.45	5441	35.8	19.5	40.4	0	20.4	-9.3	1	0	23.1	0	0	377027
 95.3787569	2024	198.0	0.76	0.047	647	40.2	0	20.2	-9.2	0.47	0.63	0.067	5484	40.4	19.8	40.6	0	19.8	-9.3	1	1	7.65	7.88	8.10	0.45	5430	35.6	19.3	40.4	0	20.4	-9.3	1	0	23.1	0	0	377227
 95.3787685	2024	199.0	0.78	0.032	645	40.1	160	20.2	-9.2	0.47	0.65	0.042	5472	40.6	19.8	40.5	0	19.8	-9.3	1	1	7.49	7.74	8.13	0.40	5403	35.5	19.3	40.4	0	20.4	-9.3	1	0	23.1	0	0	377426
 95.3787801	2024	200.0	0.80	0.031	643	40.1	160	20.2	-9.2	0.47	0.68	0.009	5457	40.8	19.8	40.5	0	19.8	-9.3	1	1	7.35	7.57	8.10	0.41	5382	35.4	19.3	40.4	0	20.4	-9.3	1	0	23.1	0	0	377626
 95.3787917	2024	201.0	0.84	-0.004	640	40.1	160	20.2	-9.2	0.51	0.79	-0.047	5430	41.0	19.8	40.5	0	19.8	-9.3	1	1	7.03	7.30	8.16	0.35	5331	35.3	19.3	40.3	0	20.4	-9.3	1	0	23.1	0	0	377826
 95.3788032	2024	202.0	0.88	-0.008	636	40.1	160	20.2	-9.2	0.53	0.89	-0.066	5394	41.1	19.8	40.5	0	19.8	-9.3	1	1	6.77	7.02	8.12	0.35	5288	35.4	19.5	40.3	0	20.4	-9.3	1	0	23.1	0	0	378027
 95.3788148	2024	203.0	0.97	-0.049	629	40.1	160	20.2	-9.2	0.56	1.02	-0.066	5349	41.3	19.8	40.5	0	19.8	-9.3	1	1	6.11	6.52	8.22	0.20	5184	35.3	19.6	40.3	0	20.4	-9.3	1	0	23.1	0	0	378226
 95.3788264	2024	204.0	1.04	-0.056	621	40.1	160	20.2	-9.2	0.60	1.18	-0.066	5288	41.4	19.8	40.5	0	19.8	-9.3	1	1	5.62	6.02	8.13	0.19	5095	35.1	19.4	40.3	0	20.4	-9.3	1	0	23.1	0	0	378426
 95.3788380	2024	205.0	1.12	-0.056	612	40.1	160	20.2	-9.2	0.64	1.30	-0.066	5220	41.5	19.8	40.4	0	19.8	-9.3	1	1	4.65	5.38	8.26	0.03	4935	35.2	19.4	40.3	0	20.4	-9.3	1	0	23.1	0	0	378627
 95.3788495	2024	206.0	1.13	-0.055	603	40.2	0	20.2	-9.2	0.67	1.46	-0.066	5137	41.6	19.8	40.4	0	19.8	-9.3	1	1	3.93	4.67	8.12	0.06	4813	35.1	19.3	40.3	0	20.4	-9.3	1	0	23.1	0	0	378827
 95.3788611	2024	207.0	1.15	-0.055	593	40.3	0	20.3	-9.2	0.70	1.56	-0.065	5049	41.8	19.8	40.4	0	19.8	-9.3	1	1	3.09	4.09	8.20	0.00	4651	35.2	19.3	40.2	0	20.4	-9.3	1	0	23.1	0	0	379026
 95.3788727	2024	208.0	1.18	-0.055	584	40.3	0	20.3	-9.2	0.72	1.69	-0.065	4951	42.2	19.8	40.4	0	19.8	-9.3	1	1	2.54	3.58	8.08	0.03	4521	35.2	19.3	40.2	0	20.4	-9.3	1	0	23.1	0	0	379226
 95.3788843	2024	209.0	1.21	-0.055	574	40.4	0	20.3	-9.2	0.74	1.76	-0.065	4852	42.6	19.8	40.4	0	19.8	-9.3	1	1	1.98	3.19	8.09	0.02	4381	35.3	19.3	40.2	0	20.4	-9.3	1	0	23.1	0	0	379426
 95.3788958	2024	210.0	1.21	-0.055	565	40.4	0	20.3	-9.2	0.75	1.86	-0.065	4746	43.2	19.9	40.3	0	19.8	-9.3	1	1	1.59	2.85	8.00	0.07	4269	35.4	19.3	40.2	0	20.4	-9.3	1	0	23.1	0	0	379626
 95.3789074	2024	211.0	1.21	-0.055	556	40.5	0	20.3	-9.2	0.76	1.88	-0.065	4644	43.8	19.8	40.3	0	19.8	-9.3	1	1	1.29	2.62	7.98	0.10	4165	36.0	19.6	40.2	0	20.4	-9.3	1	0	23.1	0	0	379827
 95.3789190	2024	212.0	1.19	-0.055	548	40.5	0	20.3	-9.2	0.74	1.91	-0.065	4541	44.5	19.8	40.3	0	19.8	-9.3	1	1	1.04	2.47	7.91	0.17	4086	36.3	19.5	40.1	160	20.4	-9.3	1	0	23.0	0	0	380027
 95.3789306	2024	213.0	1.18	-0.055	541	40.5	0	20.3	-9.2	0.74	1.90	-0.065	4440	45.4	19.8	40.3	0	19.8	-9.3	1	1	0.88	2.37	7.88	0.21	4012	36.5	19.4	40.1	160	20.4	-9.3	1	0	23.0	0	0	380226
 95.3789421	2024	214.0	1.16	-0.055	534	40.6	0	20.3	-9.2	0.72	1.88	-0.065	4343	46.4	19.8	40.3	0	19.8	-9.3	1	1	0.70	2.34	7.84	0.28	3958	36.7	19.4	40.1	160	20.4	-9.3	1	0	23.0	0	0	380426
 95.3789537	2024	215.0	1.14	-0.055	529	40.6	0	20.3	-9.2	0.70	1.83	-0.065	4251	47.4	19.9	40.2	0	19.8	-9.3	1	1	0.61	2.33	7.82	0.32	3909	36.9	19.4	40.1	160	20.4	-9.3	1	0	23.0	74	0	380627
 95.3789653	2024	216.0	1.11	-0.055	524	40.6	0	20.3	-9.2	0.67	1.80	-0.066	4159	48.4	19.9	40.2	0	19.8	-9.3	1	1	0.46	2.37	7.78	0.40	3877	36.9	19.4	40.1	160	20.4	-9.3	1	0	23.0	75	0	380826
 95.3789769	2024	217.0	1.09	-0.055	520	40.6	0	20.3	-9.2	0.65	1.75	-0.066	4073	49.4	19.9	40.2	0	19.8	-9.3	1	1	0.42	2.41	7.77	0.44	3846	36.9	19.4	40.1	160	20.4	-9.3	1	0	23.0	75	0	381026
 95.3789884	2024	218.0	1.06	-0.055	517	40.6	0	20.3	-9.2	0.63	1.72	-0.066	3990	50.5	19.9	40.2	0	19.8	-9.3	1	1	0.32	2.50	7.76	0.49	3826	37.1	19.4	40.1	160	20.4	-9.3	1	0	23.0	75	0	381226
 95.3790000	2024	219.0	1.04	-0.055	514	40.6	0	20.3	-9.2	0.60	1.64	-0.066	3911	51.6	19.9	40.2	0	19.8	-9.3	1	1	0.30	2.58	7.76	0.51	3807	37.4	19.4	40.2	0	20.4	-9.3	1	0	23.0	75	0	381426
 95.3790116	2024	220.0	1.02	-0.055	511	40.6	0	20.3	-9.2	0.56	1.55	-0.058	3839	52.7	19.9	40.1	160	19.8	-9.3	1	1	0.22	2.71	7.74	0.54	3794	37.8	19.4	40.3	0	20.4	-9.3	1	0	23.0	74	0	381627
 95.3790231	2024	221.0	1.00	-0.055	509	40.6	0	20.3	-9.2	0.50	1.39	0.058	3778	53.7	19.9	40.1	160	19.8	-9.3	1	1	0.23	2.84	7.75	0.53	3780	38.4	19.4	40.3	0	20.4	-9.3	1	0	23.0	75	0	381826
 95.3790347	2024	222.0	0.99	-0.056	508	40.6	0	20.3	-9.2	0.47	1.30	0.171	3724	54.7	19.9	40.1	160	19.8	-9.3	1	1	0.14	2.98	7.75	0.55	3774	39.2	19.4	40.4	0	20.4	-9.3	1	0	23.0	74	0	382027
 95.3790463	2024	223.0	0.98	-0.056	507	40.6	0	20.3	-9.2	0.43	1.19	0.263	3681	55.8	19.9	40.1	160	19.8	-9.3	1	1	0.13	3.07	7.74	0.57	3771	40.1	19.4	40.4	0	20.4	-9.3	1	0	23.0	75	0	382226
 95.3790579	2024	224.0	0.96	-0.056	506	40.5	0	20.3	-9.2	0.38	1.05	0.343	3643	56.7	19.9	40.1	160	19.8	-9.3	1	1	0.05	3.17	7.74	0.61	3772	40.9	19.4	40.5	0	20.4	-9.3	1	0	23.0	75	0	382426
 95.3790694	2024	225.0	0.95	-0.056	506	40.5	0	20.3	-9.2	0.35	0.96	0.418	3612	57.5	19.9	40.1	160	19.8	-9.3	1	1	0.04	3.25	7.74	0.63	3776	41.8	19.4	40.5	0	20.4	-9.3	1	0	23.0	74	0	382627
 95.3790810	2024	226.0	0.93	-0.056	506	40.5	0	20.3	-9.2	0.30	0.85	0.483	3587	58.1	19.9	40.1	160	19.8	-9.3	1	1	-0.01	3.37	7.74	0.67	3787	42.6	19.4	40.6	0	20.4	-9.3	1	0	23.0	74	0	382827
 95.3790926	2024	227.0	0.91	-0.056	506	40.5	0	20.3	-9.2	0.29	0.80	0.550	3562	58.7	19.9	40.2	0	19.8	-9.3	1	1	-0.01	3.45	7.74	0.67	3798	43.5	19.4	40.6	0	20.4	-9.3	1	0	23.0	74	0	383027
 95.3791042	2024	228.0	0.89	-0.056	507	40.5	0	20.3	-9.2	0.21	0.58	0.606	3558	59.0	19.9	40.2	0	19.8	-9.3	1	1	-0.08	3.56	7.75	0.69	3816	44.4	19.4	40.6	0	20.4	-9.3	1	0	23.0	74	0	383227
 95.3791157	2024	229.0	0.88	-0.056	508	40.5	0	20.3	-9.2	0.16	0.38	0.639	3556	59.2	19.9	40.3	0	19.8	-9.3	1	1	-0.07	3.65	7.75	0.69	3834	45.4	19.4	40.6	0	20.4	-9.3	1	0	23.0	74	0	383427
 95.3791273	2024	230.0	0.87	-0.056	509	40.5	0	20.3	-9.2	0.13	0.32	0.674	3560	59.4	19.9	40.3	0	19.8	-9.3	1	1	-0.11	3.76	7.76	0.70	3855	46.4	19.4	40.6	0	20.4	-9.3	1	0	23.0	74	0	383627
 95.3791389	2024	231.0	0.86	-0.056	510	40.4	0	20.3	-9.2	0.00	-0.05	0.676	3610	59.5	19.9	40.4	0	19.8	-9.3	1	1	-0.11	3.84	7.77	0.69	3877	47.5	19.4	40.6	0	20.4	-9.3	1	0	23.0	75	0	383826
 95.3791505	2024	232.0	0.84	-0.054	512	40.4	0	20.3	-9.2	0.00	-0.09	0.670	3636	59.7	19.9	40.5	0	19.8	-9.3	1	1	-0.15	3.93	7.77	0.70	3904	48.6	19.3	40.6	0	20.4	-9.3	1	0	23.0	75	0	384026
 95.3791620	2024	233.0	0.83	-0.043	513	40.4	0	20.3	-9.2	0.00	-0.09	0.668	3664	59.9	19.9	40.5	0	19.8	-9.3	1	1	-0.13	4.01	7.78	0.69	3929	49.7	19.3	40.6	0	20.4	-9.3	1	0	23.0	74	0	384227
 95.3791736	2024	234.0	0.81	-0.024	515	40.4	0	20.3	-9.2	-0.01	-0.09	0.669	3693	60.1	19.9	40.5	0	19.8	-9.3	1	1	-0.17	4.11	7.79	0.70	3960	50.7	19.3	40.6	0	20.4	-9.3	1	0	23.0	75	0	384426
 95.3791852	2024	235.0	0.80	-0.010	517	40.4	0	20.3	-9.2	-0.01	-0.08	0.669	3722	60.3	19.9	40.6	0	19.8	-9.3	1	1	-0.15	4.20	7.80	0.69	3987	51.7	19.3	40.6	0	20.5	-9.3	1	0	23.0	74	0	384627
 95.3791968	2024	236.0	0.78	0.005	520	40.3	0	20.3	-9.2	-0.02	-0.08	0.671	3753	60.4	19.9	40.6	0	19.8	-9.3	1	1	-0.19	4.32	7.81	0.69	4021	52.6	19.4	40.6	0	20.5	-9.3	1	0	23.0	75	0	384826
 95.3792083	2024	237.0	0.77	0.015	522	40.3	0	20.3	-9.2	-0.02	-0.08	0.673	3785	60.4	19.9	40.6	0	19.8	-9.3	1	1	-0.16	4.41	7.82	0.67	4051	53.5	19.4	40.6	0	20.5	-9.3	1	0	23.0	75	0	385026
 95.3792199	2024	238.0	0.76	0.026	525	40.3	0	20.3	-9.2	-0.02	-0.08	0.677	3817	60.4	19.9	40.6	0	19.8	-9.3	1	1	-0.19	4.51	7.82	0.67	4087	54.5	19.4	40.6	0	20.5	-9.3	1	0	23.0	75	0	385226
 95.3792315	2024	239.0	0.75	0.034	528	40.3	0	20.3	-9.2	-0.03	-0.08	0.680	3852	60.5	19.9	40.6	0	19.8	-9.3	1	1	-0.16	4.60	7.84	0.65	4120	54.9	19.4	40.6	0	20.5	-9.3	1	0	23.0	75	0	385426
 95.3792431	2024	240.0	0.74	0.044	530	40.3	0	20.3	-9.2	-0.03	-0.08	0.684	3886	60.4	19.9	40.6	0	19.8	-9.3	1	1	-0.18	4.71	7.84	0.64	4158	55.7	19.4	40.6	0	20.5	-9.3	1	0	22.9	16	0	385626
 95.3792546	2024	241.0	0.74	0.052	533	40.2	0	20.3	-9.2	-0.04	-0.08	0.692	3922	60.4	19.9	40.6	0	19.8	-9.3	1	1	-0.14	4.80	7.85	0.62	4192	56.6	19.4	40.5	0	20.5	-9.3	1	0	22.9	15	0	385827
 95.3792662	2024	242.0	0.73	0.061	536	40.2	0	20.3	-9.2	-0.04	-0.08	0.695	3956	60.4	19.9	40.6	0	19.8	-9.3	1	1	-0.16	4.91	7.86	0.61	4230	57.5	19.4	40.5	0	20.5	-9.3	1	0	22.9	16	0	386026
 95.3792778	2024	243.0	0.73	0.068	539	40.2	0	20.3	-9.2	-0.04	-0.08	0.695	3994	60.4	19.9	40.6	0	19.9	-9.3	1	1	-0.12	4.99	7.87	0.59	4264	58.8	19.4	40.5	0	20.5	-9.3	1	0	22.9	16	0	386226
 95.3792894	2024	244.0	0.73	0.081	541	40.2	0	20.3	-9.2	-0.04	-0.07	0.696	4032	60.4	19.9	40.6	0	19.9	-9.3	1	1	-0.14	5.10	7.87	0.59	4302	60.1	19.4	40.5	0	20.5	-9.3	1	0	22.9	16	0	386426
 95.3793009	2024	245.0	0.74	0.104	543	40.2	0	20.3	-9.2	-0.05	-0.07	0.693	4069	60.3	19.9	40.6	0	19.9	-9.3	1	1	-0.09	5.20	7.88	0.57	4338	61.0	19.4	40.5	0	20.5	-9.3	1	0	22.9	16	0	386626
 95.3793125	2024	246.0	0.72	0.126	546	40.1	160	20.3	-9.2	-0.05	-0.07	0.690	4109	60.2	19.9	40.6	0	19.9	-9.3	1	1	-0.10	5.31	7.89	0.57	4375	62.0	19.4	40.5	0	20.5	-9.3	1	0	22.9	15	0	386827
 95.3793241	2024	247.0	0.70	0.137	548	40.1	160	20.3	-9.2	-0.06	-0.06	0.684	4149	60.1	19.9	40.5	0	19.9	-9.3	1	1	-0.06	5.41	7.91	0.55	4410	63.1	19.4	40.4	0	20.5	-9.3	1	0	22.9	15	0	387027
 95.3793356	2024	248.0	0.67	0.150	551	40.1	160	20.3	-9.2	-0.06	-0.05	0.677	4190	60.0	19.9	40.5	0	19.9	-9.3	1	1	-0.08	5.50	7.90	0.56	4447	63.7	19.4	40.4	0	20.5	-9.3	1	0	22.9	15	0	387227
 95.3793472	2024	249.0	0.64	0.143	555	40.1	160	20.3	-9.2	-0.06	-0.04	0.668	4230	59.9	19.9	40.5	0	19.9	-9.3	1	1	-0.04	5.59	7.92	0.54	4482	64.3	19.4	40.4	0	20.5	-9.3	1	0	22.9	16	0	387426
 95.3793588	2024	250.0	0.63	0.136	559	40.1	160	20.3	-9.2	-0.06	-0.04	0.659	4271	59.8	19.9	40.5	0	19.9	-9.3	1	1	-0.05	5.68	7.93	0.54	4519	65.3	19.4	40.4	0	20.5	-9.3	1	0	22.9	16	0	387626
 95.3793704	2024	251.0	0.59	0.109	564	40.1	160	20.3	-9.2	-0.06	-0.03	0.647	4314	59.8	19.9	40.5	0	19.9	-9.3	1	1	-0.01	5.75	7.94	0.54	4554	65.7	19.4	40.4	0	20.5	-9.3	1	0	22.9	16	0	387826
 95.3793819	2024	252.0	0.61	0.092	567	40.2	0	20.3	-9.2	-0.06	-0.02	0.634	4356	59.8	19.9	40.5	0	19.9	-9.3	1	1	-0.03	5.82	7.94	0.54	4590	66.8	19.4	40.3	0	20.5	-9.3	1	0	22.9	16	0	388026
 95.3793935	2024	253.0	0.61	0.075	571	40.2	0	20.3	-9.2	-0.06	0.00	0.616	4397	59.8	19.9	40.4	0	19.9	-9.3	1	1	-0.01	5.87	7.96	0.53	4620	67.9	19.4	40.3	0	20.5	-9.3	1	0	22.9	16	0	388226
 95.3794051	2024	254.0	0.62	0.070	574	40.3	0	20.3	-9.2	-0.06	0.00	0.600	4438	59.7	19.9	40.4	0	19.9	-9.3	1	1	-0.03	5.95	7.96	0.54	4654	68.8	19.4	40.3	0	20.5	-9.3	1	0	22.9	15	0	388427
 95.3794167	2024	255.0	0.63	0.063	578	40.3	0	20.3	-9.2	-0.06	0.00	0.581	4480	59.7	19.9	40.4	0	19.9	-9.3	1	1	0.00	6.01	7.98	0.53	4685	70.0	19.4	40.3	0	20.5	-9.3	1	0	22.9	16	0	388626
 95.3794282	2024	256.0	0.63	0.062	581	40.4	0	20.3	-9.2	-0.06	0.02	0.562	4521	59.6	19.9	40.4	0	19.9	-9.3	1	1	-0.01	6.08	7.98	0.54	4719	70.9	19.4	40.3	0	20.5	-9.3	1	0	22.9	16	0	388826
 95.3794398	2024	257.0	0.63	0.057	584	40.4	0	20.3	-9.2	-0.05	0.03	0.540	4561	59.5	19.9	40.4	0	19.9	-9.3	1	1	0.00	6.14	7.99	0.53	4748	71.5	19.4	40.3	0	20.5	-9.3	1	0	22.9	16	0	389026
 95.3794514	2024	258.0	0.64	0.058	586	40.5	0	20.3	-9.2	-0.05	0.05	0.518	4602	59.5	19.9	40.4	0	19.9	-9.3	1	1	-0.01	6.19	7.98	0.53	4779	72.0	19.4	40.2	0	20.5	-9.3	1	0	22.9	16	0	389226
 95.3794630	2024	259.0	0.64	0.059	589	40.5	0	20.3	-9.2	-0.05	0.06	0.492	4644	59.4	19.9	40.3	0	19.9	-9.3	1	1	0.00	6.25	7.99	0.53	4806	73.0	19.5	40.2	0	20.5	-9.3	1	0	22.9	15	0	389427
 95.3794745	2024	260.0	0.62	0.075	592	40.5	0	20.3	-9.2	-0.05	0.07	0.479	4687	59.4	19.9	40.3	0	19.9	-9.3	1	1	-0.08	6.38	7.98	0.56	4845	73.6	19.5	40.2	0	20.5	-9.3	1	0	22.9	16	0	389626
 95.3794861	2024	261.0	0.61	0.086	595	40.5	0	20.3	-9.2	-0.05	0.08	0.470	4728	59.4	19.9	40.3	0	19.9	-9.3	1	1	-0.04	6.49	7.99	0.57	4881	74.3	19.5	40.2	0	20.5	-9.3	1	0	22.9	16	0	389826
 95.3794977	2024	262.0	0.60	0.100	598	40.5	0	20.3	-9.2	-0.05	0.09	0.466	4771	59.4	19.9	40.3	0	19.9	-9.3	1	1	-0.08	6.62	7.98	0.59	4924	75.0	19.5	40.2	0	20.5	-9.3	1	0	22.9	16	0	390026
 95.3795093	2024	263.0	0.59	0.107	601	40.6	0	20.3	-9.2	-0.05	0.09	0.461	4815	59.4	19.9	40.3	0	19.9	-9.3	1	1	-0.02	6.73	8.01	0.58	4964	75.6	19.5	40.1	160	20.5	-9.3	1	0	22.9	16	0	390226
 95.3795208	2024	264.0	0.58	0.111	604	40.6	0	20.3	-9.2	-0.05	0.10	0.453	4858	59.3	19.9	40.2	0	19.9	-9.3	1	1	-0.03	6.83	7.99	0.57	5002	76.1	19.5	40.1	160	20.5	-9.3	1	0	22.9	15	0	390427
 95.3795324	2024	265.0	0.58	0.106	608	40.6	0	20.3	-9.2	-0.04	0.11	0.439	4901	59.3	19.9	40.2	0	19.9	-9.3	1	1	0.00	6.89	8.01	0.54	5034	76.6	19.5	40.1	160	20.5	-9.3	1	0	22.9	16	0	390626
 95.3795440	2024	266.0	0.58	0.101	611	40.5	0	20.3	-9.2	-0.04	0.12	0.421	4942	59.3	19.9	40.2	0	19.9	-9.3	1	1	0.01	6.96	8.01	0.53	5065	77.0	19.5	40.1	160	20.5	-9.3	1	0	22.9	15	0	390827
 95.3795556	2024	267.0	0.58	0.091	614	40.5	0	20.3	-9.2	-0.04	0.13	0.398	4986	59.3	19.9	40.2	0	19.9	-9.3	1	1	0.04	7.02	8.02	0.52	5092	77.3	19.5	40.1	160	20.5	-9.3	1	0	22.9	15	0	391027
 95.3795671	2024	268.0	0.59	0.087	617	40.5	0	20.3	-9.2	-0.03	0.15	0.375	5025	59.4	19.9	40.2	0	19.9	-9.3	1	1	0.03	7.06	8.01	0.52	5121	77.7	19.5	40.1	160	20.5	-9.3	1	0	22.9	16	0	391226
 95.3795787	2024	269.0	0.59	0.081	619	40.5	0	20.3	-9.2	-0.03	0.17	0.349	5065	59.4	19.9	40.1	160	19.9	-9.3	1	1	0.05	7.12	8.02	0.51	5144	78.0	19.5	40.1	160	20.5	-9.3	1	0	22.8	75	0	391426
 95.3795903	2024	270.0	0.59	0.080	621	40.5	0	20.3	-9.2	-0.02	0.18	0.325	5103	59.5	19.9	40.1	160	19.9	-9.3	1	1	0.04	7.16	8.02	0.51	5169	78.7	19.5	40.2	0	20.5	-9.3	1	0	22.8	74	0	391627
 95.3796019	2024	271.0	0.60	0.076	624	40.5	0	20.3	-9.2	-0.02	0.20	0.297	5139	59.6	19.9	40.1	160	19.9	-9.3	1	1	0.07	7.22	8.04	0.50	5191	79.1	19.5	40.2	0	20.5	-9.3	1	0	22.8	75	0	391826
 95.3796134	2024	272.0	0.60	0.075	626	40.5	0	20.3	-9.2	-0.01	0.22	0.268	5175	59.8	19.9	40.1	160	19.9	-9.3	1	1	0.05	7.24	8.02	0.50	5214	79.9	19.5	40.3	0	20.5	-9.3	1	0	22.8	75	0	392026
 95.3796250	2024	273.0	0.60	0.071	628	40.5	0	20.3	-9.2	-0.01	0.24	0.240	5209	59.9	19.9	40.1	160	19.9	-9.3	1	1	0.07	7.29	8.03	0.49	5232	80.3	19.5	40.3	0	20.5	-9.3	1	0	22.8	75	0	392226
 95.3796366	2024	274.0	0.60	0.071	629	40.4	0	20.3	-9.2	0.00	0.26	0.213	5241	60.0	19.9	40.1	160	19.9	-9.3	1	1	0.06	7.32	8.02	0.49	5252	80.9	19.5	40.4	0	20.5	-9.3	1	0	22.8	74	0	392427
 95.3796481	2024	275.0	0.60	0.068	631	40.4	0	20.3	-9.2	0.00	0.29	0.185	5272	60.2	19.9	40.1	160	19.9	-9.3	1	1	0.06	7.37	8.03	0.48	5268	81.4	19.5	40.5	0	20.5	-9.3	1	0	22.8	74	0	392627
 95.3796597	2024	276.0	0.60	0.068	633	40.4	0	20.3	-9.2	0.00	0.31	0.160	5301	60.4	19.9	40.2	0	19.9	-9.3	1	1	0.06	7.38	8.02	0.49	5286	82.1	19.5	40.5	0	20.5	-9.3	1	0	22.8	74	0	392827
 95.3796713	2024	277.0	0.60	0.065	634	40.4	0	20.3	-9.2	0.01	0.33	0.136	5328	60.6	19.9	40.2	0	19.9	-9.3	1	1	0.07	7.43	8.03	0.48	5301	82.5	19.5	40.6	0	20.5	-9.3	1	0	22.8	74	0	393027
 95.3796829	2024	278.0	0.60	0.066	636	40.4	0	20.3	-9.2	0.01	0.35	0.114	5353	60.9	19.9	40.3	0	19.9	-9.3	1	1	0.05	7.46	8.02	0.48	5317	83.2	19.5	40.6	0	20.5	-9.3	1	0	22.8	74	0	393227
 95.3796944	2024	279.0	0.60	0.065	637	40.4	0	20.3	-9.2	0.02	0.37	0.093	5376	61.2	19.9	40.4	0	19.9	-9.3	1	1	0.07	7.48	8.02	0.48	5331	84.1	19.5	40.6	0	20.5	-9.3	1	0	22.8	75	0	393426
 95.3797060	2024	280.0	0.60	0.065	638	40.3	0	20.3	-9.2	0.02	0.39	0.073	5398	61.4	19.9	40.4	0	19.9	-9.3	1	1	0.06	7.50	8.02	0.48	5344	84.4	19.5	40.6	0	20.5	-9.3	1	0	22.8	75	0	393626
 95.3797176	2024	281.0	0.61	0.063	639	40.3	0	20.4	-9.2	0.03	0.41	0.052	5419	61.7	19.9	40.5	0	19.9	-9.3	1	1	0.07	7.53	8.03	0.47	5356	85.3	19.5	40.6	0	20.5	-9.3	1	0	22.8	75	0	393826
 95.3797292	2024	282.0	0.60	0.064	640	40.3	0	20.4	-9.2	0.03	0.43	0.035	5437	62.0	19.9	40.5	0	19.9	-9.3	1	1	0.06	7.55	8.02	0.47	5369	85.7	19.5	40.6	0	20.5	-9.3	1	0	22.8	75	0	394026
 95.3797407	2024	283.0	0.60	0.063	642	40.3	0	20.4	-9.2	0.04	0.47	0.021	5454	62.4	19.9	40.5	0	19.9	-9.3	1	1	0.07	7.56	8.01	0.47	5380	86.3	19.5	40.6	0	20.5	-9.3	1	0	22.8	75	0	394226
 95.3797523	2024	284.0	0.60	0.063	643	40.3	0	20.4	-9.2	0.05	0.49	0.011	5468	62.9	19.9	40.6	0	19.9	-9.3	1	1	0.07	7.60	8.01	0.47	5392	87.2	19.5	40.6	0	20.5	-9.3	1	0	22.8	75	0	394426
 95.3797639	2024	285.0	0.61	0.061	644	40.2	0	20.4	-9.2	0.07	0.56	0.011	5473	63.5	19.9	40.6	0	19.9	-9.3	1	1	0.09	7.62	8.02	0.46	5401	87.4	19.5	40.6	0	20.5	-9.3	1	0	22.8	75	0	394626
 95.3797755	2024	286.0	0.61	0.059	644	40.2	0	20.4	-9.2	0.07	0.57	0.017	5481	64.0	19.9	40.6	0	19.9	-9.3	1	1	0.09	7.66	8.01	0.45	5410	88.3	19.5	40.6	0	20.5	-9.3	1	0	22.8	75	0	394826
 95.3797870	2024	287.0	0.61	0.057	645	40.2	0	20.4	-9.2	0.08	0.62	0.027	5482	64.7	19.9	40.6	0	19.9	-9.3	1	1	0.10	7.67	8.01	0.44	5416	88.5	19.5	40.6	0	20.5	-9.3	1	0	22.8	75	0	395026
 95.3797986	2024	288.0	0.61	0.056	646	40.2	0	20.4	-9.2	0.08	0.62	0.039	5484	65.4	19.9	40.6	0	19.9	-9.3	1	1	0.10	7.68	8.01	0.43	5423	88.6	19.4	40.6	0	20.5	-9.3	1	0	22.8	75	0	395226
 95.3798102	2024	289.0	0.62	0.055	646	40.2	0	20.4	-9.2	0.09	0.64	0.049	5486	66.1	19.9	40.6	0	19.9	-9.3	1	1	0.11	7.73	8.01	0.43	5427	89.1	19.4	40.6	0	20.6	-9.3	1	0	22.8	74	0	395427
 95.3798218	2024	290.0	0.62	0.056	647	40.1	160	20.4	-9.2	0.08	0.63	0.059	5488	66.9	19.9	40.6	0	19.9	-9.3	1	1	0.11	7.75	8.00	0.43	5434	89.1	19.4	40.6	0	20.6	-9.3	1	0	22.8	74	0	395627
 95.3798333	2024	291.0	0.62	0.055	647	40.1	160	20.4	-9.2	0.08	0.63	0.064	5490	67.7	19.9	40.6	0	19.9	-9.3	1	1	0.12	7.79	8.01	0.43	5437	89.4	19.5	40.6	0	20.6	-9.3	1	0	22.8	74	0	395827
 95.3798449	2024	292.0	0.62	0.056	647	40.1	160	20.4	-9.2	0.08	0.63	0.067	5491	68.6	20.0	40.6	0	19.9	-9.3	1	1	0.12	7.77	7.99	0.44	5439	89.6	19.5	40.6	0	20.6	-9.3	1	0	22.8	22	0	396027
 95.3798565	2024	293.0	0.62	0.056	648	40.1	160	20.4	-9.2	0.08	0.62	0.067	5493	69.4	19.9	40.6	0	19.9	-9.3	1	1	0.13	7.78	7.99	0.45	5443	89.7	19.5	40.5	0	20.6	-9.3	1	0	22.8	74	0	396227
 95.3798681	2024	294.0	0.62	0.057	648	40.1	160	20.4	-9.2	0.08	0.62	0.067	5495	70.2	19.9	40.6	0	19.9	-9.3	1	1	0.12	7.81	8.00	0.46	5445	90.0	19.5	40.5	0	20.6	-9.3	1	0	22.8	75	0	396426
 95.3798796	2024	295.0	0.62	0.057	648	40.1	160	20.4	-9.2	0.08	0.61	0.065	5497	71.1	19.9	40.5	0	19.9	-9.3	1	1	0.12	7.82	7.99	0.48	5446	90.2	19.5	40.5	0	20.6	-9.3	1	0	22.8	75	0	396626
 95.3798912	2024	296.0	0.62	0.061	648	40.1	160	20.4	-9.2	0.07	0.61	0.068	5500	71.9	20.0	40.5	0	19.9	-9.3	1	1	0.12	7.85	7.99	0.49	5450	90.6	19.5	40.5	0	20.6	-9.3	1	0	22.8	22	0	396827
 95.3799028	2024	297.0	0.62	0.061	648	40.2	0	20.4	-9.2	0.07	0.60	0.069	5504	72.8	20.0	40.5	0	19.9	-9.3	1	1	0.13	7.85	7.98	0.49	5454	91.3	19.5	40.5	0	20.6	-9.3	1	0	22.8	23	0	397026
 95.3799144	2024	298.0	0.62	0.064	649	40.2	0	20.4	-9.2	0.07	0.60	0.070	5508	73.7	20.0	40.5	0	19.9	-9.3	1	1	0.13	7.90	7.98	0.49	5459	91.6	19.5	40.4	0	20.6	-9.3	1	0	22.8	23	0	397226
 95.3799259	2024	299.0	0.61	0.065	649	40.3	0	20.4	-9.2	0.06	0.58	0.070	5511	74.7	19.9	40.5	0	19.9	-9.3	1	1	0.15	7.93	7.98	0.50	5463	92.0	19.5	40.4	0	20.6	-9.3	1	0	22.8	75	0	397426
 95.3799375	2024	300.0	0.61	0.065	649	40.4	0	20.4	-9.2	0.06	0.58	0.069	5517	75.8	19.9	40.5	0	19.9	-9.3	1	1	0.16	7.94	7.98	0.50	5466	92.4	19.6	40.4	0	20.6	-9.3	1	0	22.8	74	0	397627
 95.3799491	2024	301.0	0.61	0.064	650	40.4	0	20.4	-9.2	0.06	0.57	0.066	5522	76.8	19.9	40.5	0	19.9	-9.3	1	1	0.18	7.95	7.98	0.50	5472	92.4	19.5	40.4	0	20.6	-9.3	1	0	22.8	74	0	397827
 95.3799606	2024	302.0	0.61	0.065	650	40.5	0	20.4	-9.2	0.06	0.57	0.064	5526	77.9	20.0	40.4	0	19.9	-9.3	1	1	0.19	7.95	7.97	0.50	5475	92.4	19.5	40.4	0	20.6	-9.3	1	0	22.8	23	0	398026
 95.3799722	2024	303.0	0.61	0.065	651	40.5	0	20.4	-9.2	0.06	0.57	0.063	5533	79.1	20.0	40.4	0	19.9	-9.3	1	1	0.23	8.01	7.98	0.50	5481	92.3	19.5	40.4	0	20.6	-9.3	1	0	22.8	22	0	398227
 95.3799838	2024	304.0	0.61	0.064	651	40.5	0	20.4	-9.2	0.06	0.57	0.061	5536	80.2	20.0	40.4	0	19.9	-9.3	1	1	0.24	7.98	7.98	0.50	5484	92.2	19.5	40.3	0	20.6	-9.3	1	0	22.8	22	0	398427
 95.3799954	2024	305.0	0.61	0.063	652	40.6	0	20.4	-9.2	0.06	0.57	0.059	5542	81.4	20.0	40.4	0	19.9	-9.3	1	1	0.27	8.06	7.98	0.50	5490	92.1	19.5	40.3	0	20.6	-9.3	1	0	22.7	75	0	398626
 95.3800069	2024	306.0	0.61	0.062	652	40.6	0	20.4	-9.2	0.06	0.57	0.057	5547	82.5	20.0	40.4	0	19.9	-9.3	1	1	0.29	8.04	7.97	0.50	5493	92.0	19.5	40.3	0	20.6	-9.3	1	0	22.7	75	0	398826
 95.3800185	2024	307.0	0.61	0.062	652	40.6	0	20.4	-9.2	0.06	0.58	0.057	5551	83.6	20.0	40.3	0	20.0	-9.3	1	1	0.34	8.06	7.98	0.50	5497	92.0	19.5	40.3	0	20.6	-9.3	1	0	22.7	75	0	399026
 95.3800301	2024	308.0	0.61	0.062	653	40.6	0	20.4	-9.2	0.06	0.58	0.056	5556	84.8	20.0	40.3	0	20.0	-9.3	1	1	0.36	8.08	7.96	0.50	5502	91.9	19.5	40.3	0	20.6	-9.3	1	0	22.7	75	0	399226
 95.3800417	2024	309.0	0.61	0.063	653	40.6	0	20.4	-9.2	0.06	0.58	0.059	5560	86.0	20.0	40.3	0	20.0	-9.3	1	1	0.42	8.12	7.97	0.50	5506	91.9	19.5	40.2	0	20.6	-9.3	1	0	22.7	75	0	399426
 95.3800532	2024	310.0	0.61	0.059	653	40.6	0	20.4	-9.2	0.06	0.58	0.056	5563	87.1	20.0	40.3	0	20.0	-9.3	1	1	0.43	8.12	7.97	0.50	5509	92.0	19.5	40.2	0	20.6	-9.3	1	0	22.7	75	0	399626
 95.3800648	2024	311.0	0.61	0.057	654	40.6	0	20.4	-9.2	0.06	0.59	0.052	5567	88.2	20.0	40.3	0	20.0	-9.3	1	1	0.44	8.12	7.97	0.50	5509	92.2	19.5	40.2	0	20.6	-9.3	1	0	22.7	75	0	399826
 95.3800764	2024	312.0	0.61	0.056	654	40.6	0	20.4	-9.2	0.06	0.60	0.050	5569	89.4	20.0	40.2	0	20.0	-9.3	1	1	0.46	8.09	7.96	0.49	5511	92.4	19.5	40.2	0	20.6	-9.3	1	0	22.7	74	0	400027
 95.3800880	2024	313.0	0.62	0.056	654	40.6	0	20.4	-9.2	0.07	0.61	0.048	5569	90.5	20.0	40.2	0	20.0	-9.3	1	1	0.46	8.08	7.97	0.49	5511	92.7	19.5	40.2	0	20.6	-9.3	1	0	22.7	74	0	400227
 95.3800995	2024	314.0	0.62	0.055	654	40.6	0	20.4	-9.2	0.06	0.62	0.046	5569	91.7	20.0	40.2	0	20.0	-9.3	1	1	0.46	8.06	7.96	0.49	5511	93.2	19.5	40.1	160	20.6	-9.3	1	0	22.7	75	0	400426
 95.3801111	2024	315.0	0.62	0.056	654	40.6	0	20.4	-9.2	0.07	0.63	0.048	5567	92.9	20.0	40.2	0	20.0	-9.3	1	1	0.47	8.10	7.97	0.48	5509	93.7	19.5	40.1	160	20.6	-9.3	1	0	22.7	75	0	400626
 95.3801227	2024	316.0	0.62	0.057	653	40.6	0	20.4	-9.2	0.07	0.63	0.051	5565	94.1	20.0	40.2	0	20.0	-9.3	1	1	0.49	8.08	7.96	0.48	5509	94.1	19.5	40.1	160	20.6	-9.3	1	0	22.7	74	0	400827
 95.3801343	2024	317.0	0.62	0.059	653	40.5	0	20.4	-9.2	0.07	0.64	0.056	5563	95.2	20.0	40.1	160	20.0	-9.3	1	1	0.51	8.09	7.95	0.48	5509	94.4	19.5	40.1	160	20.6	-9.3	1	0	22.7	75	0	401026
 95.3801458	2024	318.0	0.62	0.062	654	40.5	0	20.4	-9.2	0.06	0.63	0.062	5562	96.3	20.0	40.1	160	20.0	-9.3	1	1	0.58	8.08	7.94	0.49	5511	94.9	19.6	40.1	160	20.6	-9.3	1	0	22.7	75	0	401226
 95.3801574	2024	319.0	0.62	0.062	653	40.5	0	20.4	-9.2	0.07	0.63	0.066	5562	97.5	20.0	40.1	160	20.0	-9.3	1	1	0.58	8.13	7.96	0.49	5511	95.2	19.7	40.1	160	20.6	-9.3	1	0	22.7	75	0	401426
 95.3801690	2024	320.0	0.62	0.059	653	40.5	0	20.4	-9.2	0.07	0.63	0.065	5560	98.6	20.0	40.1	160	20.0	-9.3	1	1	0.60	8.08	7.95	0.48	5509	95.1	19.5	40.1	160	20.6	-9.3	1	0	22.7	75	0	401626
 95.3801806	2024	321.0	0.62	0.059	653	40.5	0	20.4	-9.2	0.06	0.62	0.065	5560	99.6	20.0	40.1	160	20.0	-9.3	1	1	0.60	8.06	7.95	0.48	5509	95.3	19.6	40.2	0	20.6	-9.3	1	0	22.7	75	0	401826
 95.3801921	2024	322.0	0.62	0.061	653	40.5	0	20.4	-9.2	0.06	0.62	0.068	5558	100.0	20.0	40.1	160	20.0	-9.3	1	1	0.64	8.09	7.94	0.49	5509	95.1	19.6	40.2	0	20.6	-9.3	1	0	22.7	75	0	402026
 95.3802037	2024	323.0	0.61	0.062	653	40.4	0	20.4	-9.2	0.06	0.61	0.069	5558	100.0	20.0	40.1	160	20.0	-9.3	1	1	0.65	8.09	7.95	0.49	5509	94.8	19.6	40.3	0	20.6	-9.3	1	0	22.7	75	0	402226
 95.3802153	2024	324.0	0.61	0.064	653	40.4	0	20.4	-9.2	0.06	0.60	0.072	5558	100.0	20.0	40.2	0	20.0	-9.3	1	1	0.71	8.13	7.94	0.49	5511	94.3	19.6	40.4	0	20.6	-9.3	1	0	22.7	74	0	402427
 95.3802269	2024	325.0	0.61	0.062	654	40.4	0	20.4	-9.2	0.06	0.59	0.070	5562	100.0	20.0	40.2	0	20.0	-9.3	1	1	0.72	8.12	7.94	0.49	5513	93.8	19.6	40.4	0	20.6	-9.3	1	0	22.7	74	0	402627
 95.3802384	2024	326.0	0.62	0.059	654	40.4	0	20.4	-9.2	0.06	0.59	0.066	5562	100.0	20.0	40.3	0	20.0	-9.3	1	1	0.72	8.11	7.94	0.49	5511	93.5	19.6	40.5	0	20.6	-9.3	1	0	22.7	74	0	402827
 95.3802500	2024	327.0	0.62	0.059	654	40.4	0	20.4	-9.2	0.05	0.59	0.062	5563	100.0	20.0	40.3	0	20.0	-9.3	1	1	0.73	8.10	7.94	0.49	5511	93.2	19.6	40.5	0	20.6	-9.3	1	0	22.7	74	0	403027
 95.3802616	2024	328.0	0.62	0.060	653	40.3	0	20.4	-9.2	0.06	0.59	0.060	5563	100.0	20.0	40.4	0	20.0	-9.3	1	1	0.78	8.08	7.94	0.49	5511	93.2	19.6	40.5	0	20.6	-9.3	1	0	22.7	74	0	403227
 95.3802731	2024	329.0	0.62	0.060	653	40.3	0	20.4	-9.2	0.06	0.59	0.057	5565	100.0	20.0	40.4	0	20.0	-9.3	1	1	0.79	8.09	7.93	0.49	5511	93.2	19.6	40.5	0	20.6	-9.3	1	0	22.7	74	0	403427
 95.3802847	2024	330.0	0.61	0.063	653	40.3	0	20.4	-9.2	0.05	0.59	0.057	5565	100.0	20.0	40.5	0	20.0	-9.3	1	1	0.83	8.11	7.94	0.49	5513	93.2	19.5	40.6	0	20.6	-9.3	1	0	22.7	74	0	403627
 95.3802963	2024	331.0	0.61	0.064	654	40.3	0	20.4	-9.2	0.05	0.59	0.056	5567	99.1	20.0	40.5	0	20.0	-9.3	1	1	0.83	8.08	7.94	0.49	5513	93.2	19.5	40.6	0	20.6	-9.3	1	0	22.7	75	0	403826
 95.3803079	2024	332.0	0.61	0.062	654	40.3	0	20.5	-9.2	0.06	0.60	0.054	5567	97.6	20.0	40.6	0	20.0	-9.3	1	1	0.83	8.07	7.93	0.49	5513	93.3	19.5	40.6	0	20.6	-9.3	1	0	22.7	75	0	404026
 95.3803194	2024	333.0	0.61	0.061	654	40.2	0	20.5	-9.2	0.06	0.60	0.055	5567	96.1	20.0	40.6	0	20.0	-9.3	1	1	0.84	8.09	7.94	0.49	5513	93.5	19.5	40.6	0	20.6	-9.3	1	0	22.7	75	0	404226
 95.3803310	2024	334.0	0.61	0.062	654	40.2	0	20.5	-9.2	0.06	0.60	0.059	5567	95.0	20.0	40.6	0	20.0	-9.3	1	1	0.88	8.10	7.94	0.49	5515	93.9	19.5	40.6	0	20.6	-9.3	1	0	22.7	75	0	404426
 95.3803426	2024	335.0	0.61	0.062	654	40.2	0	20.5	-9.2	0.06	0.60	0.061	5567	94.0	20.0	40.6	0	20.0	-9.3	1	1	0.90	8.11	7.93	0.49	5515	94.2	19.5	40.6	0	20.6	-9.3	1	0	22.7	75	0	404626
 95.3803542	2024	336.0	0.61	0.063	654	40.2	0	20.5	-9.2	0.06	0.60	0.066	5567	93.3	20.0	40.6	0	20.0	-9.3	1	1	0.96	8.15	7.94	0.49	5518	94.6	19.5	40.6	0	20.6	-9.3	1	0	22.7	75	0	404826
 95.3803657	2024	337.0	0.61	0.061	654	40.2	0	20.5	-9.2	0.06	0.60	0.065	5569	92.7	20.0	40.6	0	20.0	-9.3	1	1	0.96	8.13	7.94	0.49	5518	94.9	19.6	40.6	0	20.6	-9.3	1	0	22.7	74	0	405027
 95.3803773	2024	338.0	0.61	0.058	654	40.1	160	20.5	-9.2	0.06	0.60	0.062	5569	92.4	20.0	40.6	0	20.0	-9.3	1	1	0.97	8.11	7.94	0.49	5517	95.2	19.6	40.6	0	20.6	-9.3	1	0	22.7	74	0	405227
 95.3803889	2024	339.0	0.61	0.058	654	40.1	160	20.5	-9.2	0.06	0.60	0.060	5569	92.2	20.0	40.6	0	20.0	-9.3	1	1	0.99	8.10	7.94	0.49	5517	95.3	19.6	40.5	0	20.6	-9.3	1	0	22.7	75	0	405426
 95.3804005	2024	340.0	0.61	0.061	654	40.1	160	20.5	-9.2	0.06	0.60	0.060	5569	92.0	20.0	40.6	0	20.0	-9.3	1	1	1.03	8.15	7.94	0.49	5517	95.7	19.7	40.5	0	20.6	-9.3	1	0	22.7	75	0	405626
 95.3804120	2024	341.0	0.61	0.063	654	40.1	160	20.5	-9.2	0.06	0.60	0.059	5569	91.8	20.0	40.6	0	20.0	-9.3	1	1	1.04	8.09	7.93	0.49	5517	95.9	19.7	40.5	0	20.6	-9.3	1	0	22.7	75	0	405826
 95.3804236	2024	342.0	0.61	0.064	654	40.1	160	20.5	-9.2	0.06	0.60	0.058	5569	91.7	20.0	40.6	0	20.0	-9.3	1	1	1.09	8.12	7.94	0.49	5517	95.9	19.6	40.5	0	20.6	-9.3	1	0	22.7	75	0	406026
 95.3804352	2024	343.0	0.61	0.063	654	40.1	160	20.5	-9.2	0.06	0.60	0.056	5569	91.5	20.0	40.5	0	20.0	-9.3	1	1	1.09	8.11	7.94	0.49	5515	95.9	19.6	40.5	0	20.6	-9.3	1	0	22.7	74	0	406227
 95.3804468	2024	344.0	0.61	0.061	654	40.1	160	20.5	-9.2	0.06	0.61	0.054	5569	91.4	20.0	40.5	0	20.0	-9.3	1	1	1.09	8.10	7.95	0.48	5513	95.7	19.6	40.5	0	20.6	-9.3	1	0	22.7	75	0	406426
 95.3804583	2024	345.0	0.61	0.061	654	40.2	0	20.5	-9.2	0.06	0.61	0.053	5567	91.2	20.0	40.5	0	20.0	-9.3	1	1	1.10	8.11	7.94	0.48	5513	95.1	19.6	40.5	0	20.6	-9.3	1	0	22.7	74	0	406627
 95.3804699	2024	346.0	0.61	0.061	654	40.2	0	20.5	-9.2	0.06	0.61	0.055	5567	91.1	20.0	40.5	0	20.0	-9.3	1	1	1.14	8.10	7.94	0.49	5513	94.1	19.6	40.4	0	20.6	-9.3	1	0	22.7	74	0	406827
 95.3804815	2024	347.0	0.61	0.061	654	40.3	0	20.5	-9.2	0.06	0.62	0.057	5565	91.1	20.0	40.5	0	20.0	-9.3	1	1	1.17	8.10	7.94	0.49	5513	93.4	19.6	40.4	0	20.6	-9.3	1	0	22.7	75	0	407026
 95.3804931	2024	348.0	0.61	0.063	654	40.4	0	20.5	-9.2	0.06	0.61	0.064	5563	90.9	20.0	40.5	0	20.0	-9.3	1	1	1.22	8.11	7.94	0.49	5515	92.9	19.6	40.4	0	20.6	-9.3	1	0	22.7	75	0	407226
 95.3805046	2024	349.0	0.61	0.062	654	40.4	0	20.5	-9.2	0.06	0.61	0.066	5563	90.8	20.0	40.5	0	20.0	-9.3	1	1	1.23	8.14	7.94	0.49	5515	92.3	19.6	40.4	0	20.6	-9.3	1	0	22.7	75	0	407426
 95.3805162	2024	350.0	0.61	0.059	654	40.5	0	20.5	-9.2	0.06	0.61	0.064	5563	90.7	20.0	40.4	0	20.0	-9.3	1	1	1.23	8.11	7.94	0.48	5513	92.3	19.6	40.4	0	20.6	-9.3	1	0	22.7	75	0	407626
 95.3805278	2024	351.0	0.61	0.059	654	40.5	0	20.5	-9.2	0.06	0.60	0.064	5563	90.5	20.0	40.4	0	20.0	-9.3	1	1	1.25	8.09	7.93	0.48	5513	92.4	19.6	40.3	0	20.7	-9.3	1	0	22.7	74	0	407827
 95.3805394	2024	352.0	0.61	0.059	654	40.5	0	20.5	-9.2	0.06	0.60	0.066	5563	90.4	20.0	40.4	0	20.0	-9.3	1	1	1.29	8.12	7.94	0.49	5513	92.2	19.6	40.3	0	20.7	-9.3	1	0	22.7	74	0	408027
 95.3805509	2024	353.0	0.61	0.060	654	40.6	0	20.5	-9.2	0.06	0.60	0.065	5563	90.3	20.0	40.4	0	20.0	-9.3	1	1	1.31	8.12	7.94	0.49	5513	92.3	19.6	40.3	0	20.7	-9.3	1	0	22.7	74	0	408227
 95.3805625	2024	354.0	0.61	0.061	654	40.6	0	20.5	-9.2	0.06	0.60	0.066	5563	90.3	20.0	40.4	0	20.0	-9.3	1	1	1.35	8.12	7.94	0.49	5513	92.6	19.6	40.3	0	20.7	-9.3	1	0	22.7	74	0	408427
 95.3805741	2024	355.0	0.61	0.059	654	40.6	0	20.5	-9.2	0.06	0.59	0.064	5563	90.3	20.0	40.3	0	20.0	-9.3	1	1	1.35	8.11	7.94	0.49	5513	92.7	19.6	40.3	0	20.7	-9.3	1	0	22.7	74	0	408627
 95.3805856	2024	356.0	0.61	0.059	654	40.6	0	20.5	-9.2	0.05	0.59	0.060	5565	90.3	20.0	40.3	0	20.0	-9.3	1	1	1.37	8.11	7.94	0.49	5513	93.0	19.6	40.3	0	20.7	-9.3	1	0	22.7	75	0	408826
 95.3805972	2024	357.0	0.61	0.061	654	40.6	0	20.5	-9.2	0.06	0.59	0.061	5565	90.3	20.0	40.3	0	20.0	-9.3	1	1	1.41	8.13	7.93	0.49	5513	93.4	19.6	40.2	0	20.7	-9.3	1	0	22.7	75	0	409026
 95.3806088	2024	358.0	0.61	0.059	654	40.6	0	20.5	-9.2	0.06	0.59	0.058	5567	90.2	20.0	40.3	0	20.0	-9.3	1	1	1.42	8.12	7.94	0.49	5513	93.8	19.6	40.2	0	20.7	-9.3	1	0	22.7	75	0	409226
 95.3806204	2024	359.0	0.61	0.059	654	40.6	0	20.5	-9.2	0.06	0.60	0.055	5567	90.1	20.0	40.3	0	20.0	-9.3	1	1	1.43	8.10	7.94	0.49	5513	94.1	19.6	40.2	0	20.7	-9.3	1	0	22.7	75	0	409426
 95.3806319	2024	360.0	0.61	0.058	654	40.6	0	20.5	-9.2	0.06	0.60	0.053	5567	89.9	20.0	40.2	0	20.0	-9.3	1	1	1.45	8.09	7.94	0.49	5511	94.5	19.6	40.2	0	20.7	-9.3	1	0	22.7	74	0	409627
 95.3806435	2024	361.0	0.61	0.058	653	40.6	0	20.5	-9.2	0.06	0.61	0.051	5565	89.8	20.0	40.2	0	20.0	-9.3	1	1	1.45	8.09	7.94	0.48	5509	95.2	19.6	40.2	0	20.7	-9.3	1	0	22.7	74	0	409827
 95.3806551	2024	362.0	0.61	0.057	653	40.6	0	20.5	-9.2	0.06	0.62	0.051	5563	89.7	20.0	40.2	0	20.0	-9.3	1	1	1.45	8.06	7.94	0.48	5508	95.4	19.6	40.1	160	20.7	-9.3	1	0	22.7	75	0	410026
 95.3806667	2024	363.0	0.61	0.058	653	40.6	0	20.5	-9.2	0.06	0.62	0.051	5562	89.6	20.0	40.2	0	20.0	-9.3	1	1	1.45	8.06	7.93	0.48	5508	95.7	19.6	40.1	160	20.7	-9.3	1	0	22.8	23	0	410226
 95.3806782	2024	364.0	0.61	0.060	653	40.6	0	20.5	-9.2	0.07	0.62	0.057	5560	89.6	20.0	40.2	0	20.0	-9.3	1	1	1.48	8.08	7.94	0.49	5508	96.2	19.8	40.1	160	20.7	-9.3	1	0	22.8	23	0	410426
 95.3806898	2024	365.0	0.61	0.063	653	40.5	0	20.5	-9.2	0.06	0.62	0.062	5558	89.6	20.0	40.2	0	20.0	-9.3	1	1	1.51	8.09	7.93	0.49	5509	96.2	19.8	40.1	160	20.7	-9.3	1	0	22.8	23	0	410626
 95.3807014	2024	366.0	0.60	0.068	653	40.5	0	20.5	-9.2	0.06	0.61	0.074	5558	89.6	20.1	40.1	160	20.0	-9.3	1	1	1.60	8.14	7.93	0.50	5513	96.2	19.6	40.1	160	20.7	-9.3	1	0	22.8	75	0	410826
 95.3807130	2024	367.0	0.60	0.066	653	40.5	0	20.5	-9.2	0.06	0.60	0.077	5560	89.6	20.1	40.1	160	20.0	-9.3	1	1	1.61	8.16	7.94	0.50	5515	96.3	19.6	40.1	160	20.7	-9.3	1	0	22.8	75	0	411026
 95.3807245	2024	368.0	0.60	0.064	654	40.5	0	20.5	-9.2	0.05	0.59	0.076	5560	89.6	20.1	40.1	160	20.1	-9.3	1	1	1.64	8.15	7.93	0.49	5515	95.8	19.6	40.1	160	20.7	-9.3	1	0	22.8	75	0	411226
 95.3807361	2024	369.0	0.60	0.064	654	40.5	0	20.5	-9.2	0.05	0.57	0.078	5563	89.5	20.1	40.1	160	20.1	-9.3	1	1	1.67	8.19	7.94	0.50	5518	95.0	19.6	40.2	0	20.7	-9.3	1	0	22.8	74	0	411427
 95.3807477	2024	370.0	0.60	0.060	654	40.5	0	20.5	-9.2	0.05	0.56	0.070	5567	89.4	20.1	40.1	160	20.1	-9.3	1	1	1.69	8.16	7.94	0.50	5518	94.1	19.6	40.2	0	20.7	-9.3	1	0	22.8	75	0	411626
 95.3807593	2024	371.0	0.61	0.059	654	40.4	0	20.5	-9.2	0.05	0.57	0.064	5569	89.3	20.1	40.1	160	20.1	-9.3	1	1	1.70	8.15	7.94	0.50	5518	93.2	19.6	40.3	0	20.7	-9.3	1	0	22.8	75	0	411826
 95.3807708	2024	372.0	0.61	0.057	654	40.4	0	20.5	-9.2	0.05	0.57	0.056	5572	89.2	20.1	40.1	160	20.1	-9.3	1	1	1.73	8.14	7.94	0.50	5518	92.7	19.6	40.3	0	20.7	-9.3	1	0	22.8	74	0	412027
 95.3807824	2024	373.0	0.61	0.057	654	40.4	0	20.5	-9.2	0.05	0.58	0.050	5574	89.0	20.1	40.2	0	20.1	-9.3	1	1	1.73	8.11	7.94	0.49	5518	92.5	19.6	40.4	0	20.7	-9.3	1	0	22.8	75	0	412226
 95.3807940	2024	374.0	0.61	0.057	654	40.4	0	20.5	-9.2	0.06	0.59	0.044	5576	88.9	20.1	40.2	0	20.1	-9.3	1	1	1.74	8.12	7.94	0.49	5518	92.4	19.6	40.5	0	20.7	-9.3	1	0	22.8	75	0	412426
 95.3808056	2024	375.0	0.61	0.059	654	40.4	0	20.5	-9.2	0.06	0.60	0.044	5576	88.9	20.1	40.3	0	20.1	-9.3	1	1	1.77	8.15	7.94	0.50	5520	92.5	19.6	40.5	0	20.7	-9.3	1	0	22.8	75	0	412626
 95.3808171	2024	376.0	0.61	0.058	654	40.3	0	20.5	-9.2	0.06	0.62	0.043	5576	88.9	20.1	40.4	0	20.1	-9.3	1	1	1.79	8.13	7.95	0.49	5518	92.4	19.6	40.5	0	20.7	-9.3	1	0	22.8	74	0	412827
 95.3808287	2024	377.0	0.61	0.057	654	40.3	0	20.5	-9.2	0.07	0.63	0.043	5574	88.9	20.1	40.4	0	20.1	-9.3	1	1	1.79	8.10	7.94	0.49	5517	92.4	19.6	40.5	0	20.7	-9.3	1	0	22.8	74	0	413027
 95.3808403	2024	378.0	0.61	0.058	654	40.3	0	20.5	-9.2	0.07	0.64	0.048	5572	88.9	20.1	40.5	0	20.1	-9.3	1	1	1.80	8.11	7.94	0.49	5517	92.5	19.6	40.6	0	20.7	-9.3	1	0	22.8	75	0	413226
 95.3808519	2024	379.0	0.61	0.060	654	40.3	0	20.5	-9.2	0.07	0.63	0.056	5569	88.9	20.1	40.5	0	20.1	-9.3	1	1	1.85	8.14	7.94	0.49	5517	92.8	19.6	40.6	0	20.7	-9.3	1	0	22.8	74	0	413427
 95.3808634	2024	380.0	0.61	0.059	654	40.3	0	20.5	-9.2	0.07	0.63	0.061	5567	88.9	20.1	40.5	0	20.1	-9.3	1	1	1.87	8.13	7.94	0.49	5517	93.0	19.6	40.6	0	20.7	-9.3	1	0	22.8	75	0	413626
 95.3808750	2024	381.0	0.61	0.061	654	40.3	0	20.5	-9.2	0.07	0.63	0.067	5565	88.9	20.1	40.6	0	20.1	-9.3	1	1	1.91	8.15	7.94	0.49	5517	93.4	19.6	40.6	0	20.7	-9.3	1	0	22.8	75	0	413826
 95.3808866	2024	382.0	0.61	0.061	654	40.2	0	20.5	-9.2	0.07	0.62	0.069	5563	88.9	20.1	40.6	0	20.1	-9.3	1	1	1.92	8.13	7.94	0.49	5517	93.8	19.6	40.6	0	20.7	-9.3	1	0	22.8	75	0	414026
 95.3808981	2024	383.0	0.61	0.061	654	40.2	0	20.5	-9.2	0.07	0.61	0.071	5563	88.9	20.1	40.6	0	20.1	-9.3	1	1	1.93	8.14	7.94	0.49	5517	94.2	19.6	40.6	0	20.7	-9.3	1	0	22.8	74	0	414227
 95.3809097	2024	384.0	0.61	0.062	654	40.2	0	20.5	-9.2	0.07	0.61	0.072	5563	88.9	20.1	40.6	0	20.1	-9.3	1	1	1.98	8.15	7.94	0.49	5517	94.6	19.6	40.6	0	20.7	-9.3	1	0	22.8	74	0	414427
 95.3809213	2024	385.0	0.61	0.061	654	40.2	0	20.6	-9.2	0.06	0.60	0.070	5565	88.9	20.1	40.6	0	20.1	-9.3	1	1	1.98	8.13	7.94	0.49	5517	94.9	19.6	40.6	0	20.7	-9.3	1	0	22.8	75	0	414626
 95.3809329	2024	386.0	0.61	0.059	654	40.1	160	20.6	-9.2	0.06	0.60	0.065	5565	88.9	20.1	40.6	0	20.1	-9.3	1	1	1.99	8.11	7.94	0.49	5515	95.3	19.6	40.6	0	20.7	-9.3	1	0	22.8	75	0	414826
 95.3809444	2024	387.0	0.61	0.060	654	40.1	160	20.6	-9.2	0.06	0.60	0.063	5565	88.9	20.1	40.6	0	20.1	-9.3	1	1	2.00	8.14	7.94	0.49	5515	95.5	19.6	40.5	0	20.7	-9.3	1	0	22.8	75	0	415026
 95.3809560	2024	388.0	0.61	0.059	654	40.1	160	20.6	-9.2	0.07	0.60	0.059	5565	88.9	20.1	40.6	0	20.1	-9.3	1	1	2.01	8.11	7.94	0.49	5513	96.1	19.7	40.5	0	20.7	-9.3	1	0	22.8	75	0	415226
 95.3809676	2024	389.0	0.61	0.059	654	40.1	160	20.6	-9.2	0.06	0.60	0.054	5567	88.9	20.0	40.6	0	20.1	-9.3	1	1	2.01	8.09	7.94	0.49	5513	96.4	19.9	40.5	0	20.7	-9.3	1	0	22.8	22	0	415427
 95.3809792	2024	390.0	0.61	0.058	653	40.1	160	20.6	-9.2	0.07	0.61	0.050	5567	88.9	20.1	40.6	0	20.1	-9.3	1	1	2.03	8.08	7.95	0.49	5511	96.4	19.6	40.5	0	20.7	-9.3	1	0	22.8	75	0	415626
 95.3809907	2024	391.0	0.61	0.059	653	40.1	160	20.6	-9.2	0.07	0.61	0.050	5565	88.9	20.1	40.6	0	20.1	-9.3	1	1	2.05	8.08	7.94	0.49	5511	96.4	19.6	40.5	0	20.7	-9.3	1	0	22.9	23	0	415826
 95.3810023	2024	392.0	0.61	0.062	653	40.1	160	20.6	-9.2	0.07	0.62	0.054	5565	88.9	20.1	40.5	0	20.1	-9.3	1	1	2.08	8.11	7.93	0.49	5513	96.0	19.6	40.5	0	20.7	-9.3	1	0	22.9	23	0	416026
 95.3810139	2024	393.0	0.60	0.068	654	40.2	0	20.6	-9.2	0.07	0.61	0.066	5565	88.9	20.1	40.5	0	20.1	-9.3	1	1	2.17	8.17	7.94	0.50	5517	95.2	19.6	40.5	0	20.7	-9.3	1	0	22.9	22	0	416227
 95.3810255	2024	394.0	0.60	0.067	654	40.2	0	20.6	-9.2	0.07	0.61	0.068	5567	88.9	20.1	40.5	0	20.1	-9.3	1	1	2.18	8.15	7.94	0.50	5518	93.8	19.6	40.4	0	20.7	-9.3	1	0	22.9	22	0	416427
 95.3810370	2024	395.0	0.60	0.065	654	40.3	0	20.6	-9.2	0.07	0.60	0.069	5567	88.9	20.1	40.5	0	20.1	-9.3	1	1	2.21	8.17	7.94	0.50	5520	92.7	19.7	40.4	0	20.7	-9.3	1	0	22.9	22	0	416627
 95.3810486	2024	396.0	0.60	0.064	654	40.3	0	20.6	-9.2	0.07	0.59	0.070	5569	88.9	20.1	40.5	0	20.1	-9.3	1	1	2.26	8.18	7.94	0.50	5520	91.9	19.7	40.4	0	20.7	-9.3	1	0	22.9	22	0	416827
 95.3810602	2024	397.0	0.60	0.061	654	40.4	0	20.6	-9.2	0.07	0.59	0.068	5571	88.9	20.1	40.5	0	20.1	-9.3	1	1	2.26	8.17	7.94	0.50	5520	91.3	19.7	40.4	0	20.7	-9.3	1	0	22.9	23	0	417026
 95.3810718	2024	398.0	0.61	0.058	654	40.5	0	20.6	-9.2	0.06	0.59	0.062	5572	88.9	20.1	40.4	0	20.1	-9.3	1	1	2.27	8.16	7.94	0.50	5520	91.3	19.7	40.4	0	20.7	-9.3	1	0	22.9	23	0	417226
 95.3810833	2024	399.0	0.61	0.056	654	40.5	0	20.6	-9.2	0.07	0.59	0.057	5574	88.9	20.1	40.4	0	20.1	-9.3	1	1	2.27	8.15	7.94	0.49	5520	91.4	19.7	40.4	0	20.7	-9.3	1	0	22.9	22	0	417427
 95.3810949	2024	400.0	0.61	0.054	654	40.5	0	20.6	-9.2	0.07	0.60	0.050	5574	88.9	20.1	40.4	0	20.1	-9.3	1	1	2.28	8.13	7.94	0.49	5518	91.2	19.6	40.3	0	20.7	-9.3	1	0	22.9	22	0	417627
 95.3811065	2024	401.0	0.61	0.056	654	40.5	0	20.6	-9.2	0.07	0.61	0.045	5574	88.9	20.1	40.4	0	20.1	-9.3	1	1	2.27	8.11	7.94	0.49	5518	91.3	19.6	40.3	0	20.8	-9.3	1	0	22.9	22	0	417827
 95.3811181	2024	402.0	0.61	0.057	654	40.5	0	20.6	-9.2	0.08	0.63	0.045	5574	88.9	20.1	40.4	0	20.1	-9.3	1	1	2.30	8.10	7.94	0.49	5517	91.5	19.6	40.3	0	20.8	-9.3	1	0	22.9	22	0	418027
 95.3811296	2024	403.0	0.61	0.058	654	40.6	0	20.6	-9.2	0.08	0.63	0.045	5572	88.8	20.1	40.4	0	20.1	-9.3	1	1	2.30	8.11	7.94	0.49	5517	91.7	19.6	40.3	0	20.8	-9.3	1	0	22.9	22	0	418227
 95.3811412	2024	404.0	0.61	0.056	654	40.6	0	20.6	-9.2	0.08	0.64	0.046	5571	88.8	20.1	40.3	0	20.1	-9.3	1	1	2.31	8.09	7.93	0.49	5513	92.0	19.6	40.3	0	20.8	-9.3	1	0	22.9	22	0	418427
 95.3811528	2024	405.0	0.61	0.057	654	40.6	0	20.6	-9.2	0.08	0.64	0.049	5567	88.8	20.1	40.3	0	20.1	-9.3	1	1	2.32	8.09	7.94	0.48	5513	92.4	19.6	40.2	0	20.8	-9.3	1	0	22.9	23	0	418626
 95.3811655	2024	406.0	0.61	0.060	653	40.6	0	20.6	-9.2	0.09	0.65	0.056	5565	88.8	20.1	40.3	0	20.1	-9.3	1	1	2.35	8.08	7.94	0.49	5511	92.8	19.6	40.2	0	20.8	-9.3	1	0	22.9	23	0	418826
 95.3811771	2024	407.0	0.61	0.064	653	40.6	0	20.6	-9.2	0.09	0.64	0.064	5562	88.8	20.1	40.3	0	20.1	-9.3	1	1	2.38	8.11	7.93	0.49	5513	93.2	19.6	40.2	0	20.8	-9.3	1	0	22.9	23	0	419026
 95.3811887	2024	408.0	0.60	0.070	653	40.5	0	20.6	-9.2	0.08	0.63	0.077	5560	88.7	20.1	40.3	0	20.1	-9.3	1	1	2.46	8.16	7.93	0.50	5517	93.5	19.6	40.2	0	20.8	-9.3	1	0	22.9	23	0	419226
 95.3812002	2024	409.0	0.60	0.069	654	40.5	0	20.6	-9.2	0.08	0.62	0.082	5560	88.6	20.1	40.2	0	20.1	-9.3	1	1	2.47	8.18	7.94	0.50	5518	93.9	19.8	40.2	0	20.8	-9.3	1	0	23.0	75	0	419426
 95.3812118	2024	410.0	0.60	0.064	654	40.5	0	20.6	-9.2	0.08	0.61	0.079	5562	88.5	20.1	40.2	0	20.1	-9.3	1	1	2.48	8.16	7.94	0.49	5517	94.4	19.9	40.1	160	20.8	-9.3	1	0	23.0	74	0	419627
 95.3812234	2024	411.0	0.60	0.061	654	40.5	0	20.6	-9.2	0.07	0.60	0.076	5563	88.5	20.1	40.2	0	20.2	-9.3	1	1	2.48	8.14	7.94	0.49	5517	94.2	19.6	40.1	160	20.8	-9.3	1	0	23.0	74	0	419827
 95.3812350	2024	412.0	0.61	0.059	654	40.5	0	20.6	-9.2	0.07	0.59	0.067	5565	88.5	20.1	40.2	0	20.2	-9.3	1	1	2.48	8.12	7.94	0.49	5515	94.1	19.6	40.1	160	20.8	-9.3	1	0	23.0	75	0	420026
 95.3812465	2024	413.0	0.61	0.058	654	40.5	0	20.6	-9.2	0.08	0.60	0.061	5567	88.5	20.1	40.2	0	20.2	-9.3	1	1	2.49	8.11	7.94	0.49	5513	93.9	19.6	40.1	160	20.8	-9.3	1	0	23.0	74	0	420227
 95.3812581	2024	414.0	0.61	0.056	654	40.5	0	20.6	-9.2	0.08	0.60	0.054	5567	88.5	20.1	40.1	160	20.2	-9.3	1	1	2.49	8.09	7.94	0.49	5513	92.9	19.6	40.1	160	20.8	-9.3	1	0	23.0	74	0	420427
 95.3812697	2024	415.0	0.61	0.058	654	40.5	0	20.6	-9.2	0.08	0.61	0.051	5567	88.5	20.1	40.1	160	20.2	-9.3	1	1	2.51	8.09	7.94	0.49	5511	92.1	19.6	40.1	160	20.8	-9.3	1	0	23.0	74	0	420627
 95.3812812	2024	416.0	0.61	0.061	654	40.4	0	20.6	-9.2	0.08	0.61	0.054	5567	88.5	20.1	40.1	160	20.2	-9.3	1	1	2.54	8.12	7.93	0.50	5513	91.1	19.6	40.1	160	20.8	-9.3	1	0	23.0	75	0	420826
 95.3812928	2024	417.0	0.60	0.062	654	40.4	0	20.6	-9.2	0.08	0.61	0.053	5569	88.5	20.1	40.1	160	20.2	-9.3	1	1	2.55	8.11	7.94	0.50	5515	90.5	19.6	40.2	0	20.8	-9.3	1	0	23.0	75	0	421026
 95.3813044	2024	418.0	0.60	0.063	654	40.4	0	20.6	-9.2	0.08	0.62	0.053	5569	88.5	20.1	40.1	160	20.2	-9.3	1	1	2.58	8.12	7.94	0.50	5515	90.3	19.6	40.2	0	20.8	-9.3	1	0	23.0	74	0	421227
 95.3813160	2024	419.0	0.60	0.061	654	40.4	0	20.6	-9.2	0.09	0.62	0.054	5569	88.5	20.1	40.1	160	20.2	-9.3	1	1	2.58	8.13	7.94	0.49	5515	90.2	19.6	40.3	0	20.8	-9.3	1	0	23.0	75	0	421426
 95.3813275	2024	420.0	0.61	0.058	654	40.4	0	20.6	-9.2	0.09	0.63	0.053	5567	88.5	20.1	40.1	160	20.2	-9.3	1	1	2.59	8.07	7.94	0.49	5511	90.2	19.6	40.4	0	20.8	-9.3	1	0	23.0	75	0	421626
 95.3813391	2024	421.0	0.61	0.058	654	40.3	0	20.6	-9.2	0.09	0.63	0.054	5565	88.5	20.1	40.2	0	20.2	-9.3	1	1	2.59	8.11	7.94	0.49	5511	89.9	19.6	40.4	0	20.8	-9.3	1	0	23.0	74	0	421827
 95.3813507	2024	422.0	0.61	0.059	654	40.3	0	20.7	-9.2	0.09	0.64	0.058	5563	88.5	20.1	40.2	0	20.2	-9.3	1	1	2.62	8.10	7.94	0.49	5511	89.9	19.8	40.5	0	20.8	-9.3	1	0	23.0	75	0	422026
 95.3813623	2024	423.0	0.60	0.060	654	40.3	0	20.7	-9.2	0.09	0.63	0.062	5563	88.5	20.1	40.3	0	20.2	-9.3	1	1	2.63	8.11	7.93	0.49	5513	89.9	19.9	40.5	0	20.8	-9.3	1	0	23.0	75	0	422226
 95.3813738	2024	424.0	0.60	0.061	654	40.3	0	20.7	-9.2	0.09	0.63	0.066	5562	88.5	20.1	40.3	0	20.2	-9.3	1	1	2.68	8.13	7.94	0.49	5513	89.5	19.7	40.5	0	20.8	-9.3	1	0	23.1	16	0	422426
 95.3813854	2024	425.0	0.61	0.060	654	40.3	0	20.7	-9.2	0.09	0.62	0.067	5562	88.5	20.1	40.4	0	20.2	-9.3	1	1	2.68	8.13	7.93	0.49	5511	89.4	19.7	40.6	0	20.8	-9.3	1	0	23.1	15	0	422627
 95.3813970	2024	426.0	0.61	0.058	654	40.2	0	20.7	-9.2	0.09	0.62	0.065	5562	88.5	20.1	40.4	0	20.2	-9.3	1	1	2.69	8.11	7.94	0.49	5511	88.8	19.7	40.6	0	20.8	-9.3	1	0	23.1	16	0	422826
 95.3814086	2024	427.0	0.61	0.058	653	40.2	0	20.7	-9.2	0.09	0.62	0.064	5560	88.5	20.1	40.5	0	20.2	-9.3	1	1	2.70	8.10	7.94	0.49	5511	87.8	19.7	40.6	0	20.8	-9.3	1	0	23.1	16	0	423026
 95.3814201	2024	428.0	0.61	0.061	653	40.2	0	20.7	-9.2	0.09	0.62	0.066	5562	88.4	20.1	40.5	0	20.2	-9.3	1	1	2.74	8.12	7.94	0.50	5511	87.1	19.7	40.6	0	20.8	-9.3	1	0	23.1	16	0	423226
 95.3814317	2024	429.0	0.60	0.062	653	40.2	0	20.7	-9.2	0.09	0.61	0.067	5562	88.4	20.1	40.6	0	20.2	-9.3	1	1	2.76	8.13	7.94	0.50	5511	86.1	19.7	40.6	0	20.8	-9.3	1	0	23.1	15	0	423427
 95.3814433	2024	430.0	0.60	0.063	654	40.2	0	20.7	-9.2	0.09	0.61	0.066	5563	88.4	20.1	40.6	0	20.2	-9.3	1	1	2.80	8.15	7.94	0.50	5513	85.2	19.7	40.6	0	20.8	-9.3	1	0	23.1	15	0	423627
 95.3814549	2024	431.0	0.60	0.061	654	40.2	0	20.7	-9.2	0.09	0.61	0.064	5563	88.4	20.1	40.6	0	20.2	-9.3	1	1	2.82	8.11	7.94	0.50	5513	85.0	19.7	40.6	0	20.8	-9.3	1	0	23.1	16	0	423826
 95.3814664	2024	432.0	0.60	0.059	654	40.1	160	20.7	-9.2	0.09	0.61	0.060	5565	88.4	20.1	40.6	0	20.2	-9.3	1	1	2.81	8.10	7.94	0.49	5513	85.0	19.8	40.6	0	20.8	-9.3	1	0	23.1	16	0	424026
 95.3814780	2024	433.0	0.61	0.058	654	40.1	160	20.7	-9.2	0.09	0.61	0.057	5565	88.4	20.1	40.6	0	20.2	-9.3	1	1	2.82	8.10	7.94	0.49	5511	85.1	19.9	40.6	0	20.8	-9.3	1	0	23.1	16	0	424226
 95.3814896	2024	434.0	0.61	0.056	654	40.1	160	20.7	-9.2	0.09	0.62	0.052	5565	88.4	20.1	40.6	0	20.2	-9.3	1	1	2.82	8.09	7.94	0.49	5509	84.8	19.7	40.6	0	20.8	-9.3	1	0	23.1	16	0	424426
 95.3815012	2024	435.0	0.61	0.056	653	40.1	160	20.7	-9.2	0.10	0.62	0.049	5565	88.4	20.1	40.6	0	20.2	-9.3	1	1	2.82	8.10	7.94	0.49	5509	84.5	19.7	40.6	0	20.8	-9.3	1	0	23.1	16	0	424626
 95.3815127	2024	436.0	0.61	0.056	653	40.1	160	20.7	-9.2	0.10	0.64	0.049	5563	88.4	20.1	40.6	0	20.2	-9.3	1	1	2.82	8.07	7.94	0.49	5508	83.9	19.7	40.5	0	20.8	-9.3	1	0	23.1	16	0	424826
 95.3815243	2024	437.1	0.61	0.057	653	40.1	160	20.7	-9.2	0.10	0.64	0.049	5562	88.3	20.1	40.6	0	20.2	-9.3	1	1	2.82	8.05	7.94	0.49	5506	82.8	19.7	40.5	0	20.8	-9.3	1	0	23.2	75	0	425026
 95.3815359	2024	438.1	0.61	0.058	653	40.1	160	20.7	-9.2	0.10	0.65	0.051	5560	88.3	20.1	40.6	0	20.2	-9.3	1	1	2.82	8.07	7.94	0.49	5504	81.8	19.7	40.5	0	20.8	-9.3	1	0	23.2	75	0	425226
 95.3815475	2024	439.1	0.61	0.058	653	40.2	0	20.7	-9.2	0.11	0.65	0.052	5558	88.2	20.1	40.6	0	20.2	-9.3	1	1	2.82	8.05	7.94	0.49	5502	80.8	19.7	40.5	0	20.8	-9.3	1	0	23.2	74	0	425427
 95.3815590	2024	440.1	0.61	0.059	653	40.3	0	20.7	-9.2	0.11	0.66	0.054	5556	88.1	20.1	40.6	0	20.2	-9.3	1	1	2.82	8.04	7.94	0.49	5502	80.3	19.7	40.5	0	20.8	-9.3	1	0	23.2	75	0	425626
 95.3815706	2024	441.1	0.61	0.059	653	40.3	0	20.7	-9.2	0.11	0.65	0.058	5553	88.1	20.1	40.5	0	20.2	-9.3	1	1	2.82	8.04	7.94	0.49	5500	80.0	19.7	40.5	0	20.8	-9.3	1	0	23.2	75	0	425826
 95.3815822	2024	442.1	0.61	0.060	653	40.4	0	20.7	-9.2	0.11	0.65	0.062	5551	88.0	20.1	40.5	0	20.2	-9.3	1	1	2.82	8.05	7.94	0.49	5500	80.1	19.7	40.4	0	20.8	-9.3	1	0	23.2	74	0	426027
 95.3815937	2024	443.1	0.61	0.060	652	40.4	0	20.7	-9.2	0.11	0.65	0.065	5549	88.0	20.1	40.5	0	20.2	-9.3	1	1	2.82	8.04	7.94	0.49	5500	80.0	19.7	40.4	0	20.9	-9.3	1	0	23.2	74	0	426227
 95.3816053	2024	444.1	0.61	0.060	652	40.5	0	20.7	-9.2	0.11	0.65	0.066	5547	88.0	20.1	40.5	0	20.2	-9.3	1	1	2.82	8.04	7.94	0.49	5499	80.1	19.7	40.4	0	20.8	-9.3	1	0	23.2	75	0	426426
 95.3816169	2024	445.1	0.61	0.060	652	40.5	0	20.7	-9.2	0.11	0.64	0.067	5545	88.0	20.1	40.5	0	20.2	-9.3	1	1	2.82	8.03	7.94	0.49	5497	80.5	20.0	40.4	0	20.8	-9.3	1	0	23.2	75	0	426626
 95.3816285	2024	446.1	0.61	0.060	652	40.6	0	20.7	-9.2	0.11	0.64	0.067	5545	87.9	20.1	40.5	0	20.2	-9.3	1	1	2.82	8.04	7.94	0.49	5495	80.6	19.8	40.4	0	20.8	-9.3	1	0	23.2	74	0	426827
 95.3816400	2024	447.1	0.61	0.060	652	40.6	0	20.7	-9.2	0.11	0.63	0.067	5545	87.9	20.1	40.4	0	20.2	-9.3	1	1	2.82	8.02	7.93	0.49	5495	80.5	19.7	40.4	0	20.8	-9.3	1	0	23.2	75	0	427026
 95.3816516	2024	448.1	0.61	0.061	652	40.6	0	20.7	-9.2	0.11	0.63	0.066	5544	87.8	20.1	40.4	0	20.2	-9.3	1	1	2.82	8.02	7.93	0.49	5495	80.5	19.7	40.3	0	20.8	-9.3	1	0	23.3	0	0	427226
 95.3816632	2024	449.1	0.61	0.061	652	40.6	0	20.7	-9.2	0.11	0.63	0.065	5545	87.8	20.1	40.4	0	20.2	-9.3	1	1	2.82	8.03	7.94	0.49	5495	80.2	19.7	40.3	0	20.8	-9.3	1	0	23.3	0	0	427427
 95.3816748	2024	450.1	0.61	0.061	652	40.6	0	20.7	-9.2	0.11	0.63	0.063	5545	87.7	20.1	40.4	0	20.2	-9.3	1	1	2.82	8.01	7.94	0.49	5493	79.7	19.7	40.3	0	20.8	-9.3	1	0	23.3	0	0	427626
 95.3816863	2024	451.1	0.61	0.062	652	40.6	0	20.7	-9.2	0.11	0.62	0.062	5545	87.7	20.1	40.4	0	20.2	-9.3	1	1	2.82	8.03	7.94	0.49	5495	79.1	19.7	40.3	0	20.8	-9.3	1	0	23.3	0	0	427827
 95.3816979	2024	452.1	0.61	0.061	652	40.6	0	20.7	-9.2	0.11	0.62	0.061	5545	87.6	20.1	40.4	0	20.2	-9.3	1	1	2.82	8.02	7.94	0.49	5495	78.8	19.7	40.3	0	20.8	-9.3	1	0	23.3	0	0	428026
 95.3817095	2024	453.1	0.61	0.061	652	40.6	0	20.7	-9.2	0.11	0.63	0.059	5545	87.6	20.1	40.3	0	20.2	-9.3	1	1	2.82	8.02	7.94	0.49	5495	78.7	19.7	40.3	0	20.9	-9.3	1	0	23.3	0	0	428226
 95.3817211	2024	454.1	0.61	0.061	652	40.6	0	20.7	-9.2	0.11	0.63	0.059	5545	87.5	20.1	40.3	0	20.2	-9.3	1	1	2.82	8.02	7.94	0.49	5493	78.8	19.7	40.2	0	20.9	-9.3	1	0	23.3	0	0	428427
 95.3817326	2024	455.1	0.61	0.061	652	40.6	0	20.7	-9.2	0.11	0.63	0.058	5545	87.3	20.1	40.3	0	20.2	-9.3	1	1	2.81	8.02	7.94	0.49	5495	78.7	19.7	40.2	0	20.9	-9.3	1	0	23.3	0	0	428626
 95.3817442	2024	456.1	0.61	0.060	652	40.6	0	20.7	-9.2	0.11	0.63	0.058	5547	87.2	20.1	40.3	0	20.2	-9.3	1	1	2.81	8.01	7.93	0.49	5495	78.9	19.7	40.2	0	20.9	-9.3	1	0	23.3	0	0	428826
 95.3817558	2024	457.1	0.61	0.060	652	40.6	0	20.7	-9.2	0.11	0.63	0.057	5545	87.2	20.1	40.3	0	20.2	-9.3	1	1	2.82	8.02	7.94	0.49	5493	79.1	19.7	40.2	0	20.9	-9.3	1	0	23.3	0	0	429026
 95.3817674	2024	458.1	0.61	0.060	652	40.6	0	20.7	-9.2	0.12	0.63	0.057	5545	87.1	20.1	40.2	0	20.2	-9.3	1	1	2.82	8.01	7.94	0.49	5495	79.4	19.8	40.2	0	20.9	-9.3	1	0	23.3	0	0	429227
 95.3817789	2024	459.1	0.61	0.060	652	40.5	0	20.7	-9.2	0.12	0.63	0.058	5545	87.1	20.1	40.2	0	20.2	-9.3	1	1	2.81	8.02	7.94	0.49	5495	80.0	20.0	40.1	160	20.9	-9.3	1	0	23.4	0	0	429426
 95.3817905	2024	460.1	0.61	0.060	652	40.5	0	20.7	-9.2	0.12	0.64	0.058	5547	87.1	20.2	40.2	0	20.2	-9.3	1	1	2.81	8.01	7.93	0.49	5495	80.0	19.7	40.1	160	20.9	-9.3	1	0	23.4	0	0	429626
 95.3818021	2024	461.1	0.61	0.060	652	40.5	0	20.7	-9.2	0.12	0.64	0.058	5547	87.1	20.1	40.2	0	20.2	-9.3	1	1	2.82	8.01	7.93	0.49	5495	80.0	19.7	40.1	160	20.9	-9.3	1	0	23.4	0	0	429826
 95.3818137	2024	462.1	0.61	0.060	652	40.5	0	20.7	-9.2	0.12	0.64	0.058	5545	87.0	20.1	40.2	0	20.2	-9.3	1	1	2.82	8.01	7.94	0.49	5495	79.8	19.7	40.1	160	20.9	-9.3	1	0	23.4	0	0	430027
 95.3818252	2024	463.1	0.61	0.060	652	40.5	0	20.7	-9.2	0.12	0.64	0.059	5545	87.0	20.1	40.1	160	20.2	-9.3	1	1	2.81	8.01	7.94	0.49	5495	79.2	19.7	40.1	160	20.9	-9.3	1	0	23.4	0	0	430226
 95.3818368	2024	464.1	0.61	0.060	652	40.5	0	20.7	-9.2	0.12	0.64	0.060	5545	87.0	20.1	40.1	160	20.2	-9.3	1	1	2.81	8.01	7.94	0.49	5495	78.6	19.7	40.1	160	20.9	-9.3	1	0	23.4	0	0	430427
