#DASH Flow Data
#--------------------------------------------------------
#BMI DASH SN:   0
#BMI SEMS SN:   0
#--------------------------------------------------------
#DOY.Frac	YYYY	Secs	DO_Sh	DO_Smp	DO_Press	DO_Ht_T	DO_Ht_Pwr	DO_Fl_T	DO_X_T	HO_Sh_D_Fl	HO_Sh	HO_Smp	HO_Press	HO_RH	HO_T	HO_Ht_T	HO_Ht_Pwr	HO_Fl_T	HO_X_T	HO_DP_Cl	HO_DP_Lk	HM_Sh_D_Fl	HM_Sh	HM_Xs	HM_Smp_Xs	HM_Press	HM_RH	HM_T	HM_Ht_T	HM_Ht_Pwr	HM_Fl_T	HM_X_T	HM_DP_Cl	HM_DP_Lk	H2O_T	H2O_Pwr	H2O_Lvl	H2O_Cnt
 95.3991574	2024	0.9	0.60	0.071	653	40.3	0	22.4	-9.2	0.32	0.62	0.064	5556	66.9	21.8	40.5	0	21.8	-9.3	1	1	3.80	8.07	7.94	0.49	5508	70.2	21.8	40.6	0	22.6	-9.3	1	0	24.5	0	0	729726
 95.3991690	2024	1.9	0.60	0.068	653	40.3	0	22.4	-9.2	0.32	0.62	0.061	5556	66.9	21.8	40.5	0	21.8	-9.3	1	1	3.80	8.08	7.93	0.49	5506	70.3	21.8	40.6	0	22.6	-9.3	1	0	24.5	0	0	729926
 95.3991806	2024	2.9	0.60	0.065	653	40.2	0	22.4	-9.2	0.32	0.62	0.059	5556	66.9	21.8	40.6	0	21.8	-9.3	1	1	3.79	8.06	7.93	0.49	5506	70.2	21.7	40.6	0	22.6	-9.3	1	0	24.5	0	0	730126
 95.3991921	2024	3.9	0.60	0.064	653	40.2	0	22.4	-9.2	0.32	0.63	0.058	5556	66.9	21.8	40.6	0	21.8	-9.3	1	1	3.80	8.06	7.93	0.49	5506	70.2	21.7	40.6	0	22.6	-9.3	1	0	24.5	0	0	730327
 95.3992037	2024	4.9	0.60	0.064	653	40.2	0	22.4	-9.2	0.32	0.63	0.057	5556	66.9	21.8	40.6	0	21.8	-9.3	1	1	3.80	8.07	7.93	0.49	5506	70.1	21.7	40.6	0	22.6	-9.3	1	0	24.5	0	0	730527
 95.3992153	2024	5.9	0.60	0.065	653	40.2	0	22.4	-9.2	0.32	0.63	0.059	5556	66.8	21.8	40.6	0	21.8	-9.3	1	1	3.81	8.04	7.93	0.49	5506	69.9	21.7	40.6	0	22.6	-9.3	1	0	24.6	0	0	730726
 95.3992269	2024	6.9	0.60	0.065	653	40.2	0	22.4	-9.2	0.32	0.62	0.063	5556	66.8	21.8	40.6	0	21.8	-9.3	1	1	3.84	8.08	7.93	0.50	5508	69.5	21.7	40.6	0	22.6	-9.3	1	0	24.6	0	0	730926
 95.3992384	2024	7.9	0.60	0.066	653	40.2	0	22.4	-9.2	0.32	0.62	0.065	5556	66.6	21.8	40.6	0	21.8	-9.3	1	1	3.84	8.07	7.94	0.49	5508	69.3	21.7	40.6	0	22.6	-9.3	1	0	24.6	0	0	731126
 95.3992500	2024	8.9	0.60	0.066	653	40.1	160	22.4	-9.2	0.32	0.62	0.065	5556	66.5	21.8	40.6	0	21.8	-9.3	1	1	3.85	8.09	7.93	0.49	5508	69.1	21.7	40.6	0	22.6	-9.3	1	0	24.6	0	0	731326
 95.3992616	2024	9.9	0.60	0.067	653	40.1	160	22.4	-9.2	0.31	0.61	0.064	5558	66.5	21.8	40.6	0	21.8	-9.3	1	1	3.85	8.08	7.93	0.49	5508	69.2	21.7	40.6	0	22.6	-9.3	1	0	24.6	0	0	731527
 95.3992731	2024	10.9	0.59	0.072	653	40.1	160	22.4	-9.2	0.31	0.60	0.067	5558	66.4	21.8	40.6	0	21.8	-9.3	1	1	3.89	8.08	7.92	0.50	5513	69.5	22.0	40.6	0	22.6	-9.3	1	0	24.6	0	0	731727
 95.3992847	2024	11.9	0.58	0.085	653	40.1	160	22.4	-9.2	0.30	0.58	0.085	5563	66.4	21.8	40.6	0	21.8	-9.3	1	1	4.06	8.26	7.93	0.53	5524	69.6	21.8	40.6	0	22.6	-9.3	1	0	24.6	0	0	731926
 95.3992963	2024	12.9	0.57	0.088	654	40.1	160	22.4	-9.2	0.30	0.57	0.091	5567	66.4	21.8	40.6	0	21.8	-9.3	1	1	4.12	8.27	7.92	0.53	5531	69.7	21.7	40.5	0	22.6	-9.3	1	0	24.6	0	0	732126
 95.3993079	2024	13.9	0.57	0.095	655	40.1	160	22.4	-9.2	0.29	0.52	0.096	5578	66.4	21.8	40.5	0	21.8	-9.3	1	1	4.25	8.39	7.93	0.54	5542	69.7	21.7	40.5	0	22.6	-9.3	1	0	24.6	0	0	732327
 95.3993194	2024	14.9	0.57	0.094	656	40.2	0	22.4	-9.2	0.28	0.52	0.091	5589	66.4	21.8	40.5	0	21.8	-9.3	1	1	4.30	8.47	7.92	0.53	5551	69.8	21.7	40.5	0	22.6	-9.3	1	0	24.6	0	0	732526
 95.3993310	2024	15.9	0.57	0.096	657	40.2	0	22.4	-9.2	0.27	0.48	0.081	5605	66.3	21.8	40.5	0	21.8	-9.3	1	1	4.42	8.53	7.93	0.54	5560	69.6	21.7	40.5	0	22.6	-9.3	1	0	24.6	0	0	732727
 95.3993426	2024	16.9	0.57	0.093	657	40.3	0	22.4	-9.2	0.28	0.50	0.063	5617	66.2	21.8	40.5	0	21.8	-9.3	1	1	4.47	8.56	7.93	0.53	5567	69.3	21.7	40.5	0	22.6	-9.3	1	0	24.6	0	0	732927
 95.3993542	2024	17.9	0.57	0.090	658	40.3	0	22.4	-9.2	0.28	0.50	0.050	5632	66.1	21.8	40.5	0	21.8	-9.3	1	1	4.57	8.66	7.94	0.54	5574	69.1	21.7	40.5	0	22.6	-9.3	1	0	24.7	0	0	733126
 95.3993657	2024	18.9	0.57	0.084	659	40.4	0	22.4	-9.2	0.28	0.52	0.033	5643	66.0	21.8	40.5	0	21.8	-9.3	1	1	4.60	8.64	7.93	0.53	5580	69.3	22.0	40.5	0	22.6	-9.3	1	0	24.7	0	0	733326
 95.3993773	2024	19.9	0.57	0.079	659	40.4	0	22.4	-9.2	0.30	0.57	0.022	5650	65.9	21.8	40.5	0	21.8	-9.3	1	1	4.68	8.73	7.94	0.53	5585	69.1	21.8	40.4	0	22.6	-9.3	1	0	24.7	0	0	733526
 95.3993889	2024	20.9	0.58	0.074	660	40.5	0	22.4	-9.2	0.31	0.59	0.013	5657	65.9	21.8	40.4	0	21.8	-9.3	1	1	4.70	8.69	7.93	0.52	5590	69.1	21.7	40.4	0	22.6	-9.3	1	0	24.7	0	0	733727
 95.3994005	2024	21.9	0.58	0.072	660	40.5	0	22.4	-9.2	0.33	0.64	0.022	5657	65.9	21.8	40.4	0	21.8	-9.3	1	1	4.79	8.75	7.94	0.52	5594	69.0	21.7	40.4	0	22.6	-9.3	1	0	24.7	0	0	733926
 95.3994120	2024	22.9	0.58	0.068	661	40.6	0	22.4	-9.2	0.33	0.65	0.028	5659	65.9	21.8	40.4	0	21.8	-9.3	1	1	4.83	8.75	7.94	0.51	5598	68.9	21.7	40.4	0	22.6	-9.3	1	0	24.7	0	0	734126
 95.3994236	2024	23.9	0.58	0.066	661	40.6	0	22.4	-9.2	0.34	0.68	0.043	5655	65.9	21.8	40.4	0	21.8	-9.3	1	1	4.92	8.87	7.95	0.51	5601	68.5	21.7	40.4	0	22.6	-9.3	1	0	24.7	0	0	734326
 95.3994352	2024	24.9	0.59	0.062	662	40.6	0	22.4	-9.2	0.34	0.67	0.051	5655	65.8	21.8	40.4	0	21.8	-9.3	1	1	4.94	8.86	7.94	0.51	5603	68.3	21.9	40.4	0	22.6	-9.3	1	0	24.7	0	0	734526
 95.3994468	2024	25.9	0.59	0.060	662	40.6	0	22.4	-9.2	0.35	0.68	0.060	5652	65.8	21.8	40.4	0	21.8	-9.3	1	1	4.98	8.86	7.95	0.50	5603	67.9	21.8	40.3	0	22.6	-9.3	1	0	24.7	0	0	734727
 95.3994583	2024	26.9	0.59	0.058	662	40.6	0	22.4	-9.2	0.35	0.67	0.065	5650	65.7	21.8	40.3	0	21.8	-9.3	1	1	5.01	8.87	7.95	0.50	5603	67.5	21.7	40.3	0	22.6	-9.3	1	0	24.7	0	0	734926
 95.3994699	2024	27.9	0.59	0.059	662	40.6	0	22.4	-9.2	0.35	0.66	0.073	5650	65.5	21.8	40.3	0	21.8	-9.3	1	1	5.08	8.91	7.95	0.50	5605	67.1	21.7	40.3	0	22.6	-9.3	1	0	24.7	0	0	735126
 95.3994815	2024	28.9	0.59	0.059	662	40.6	0	22.4	-9.2	0.35	0.65	0.075	5648	65.4	21.8	40.3	0	21.8	-9.3	1	1	5.10	8.90	7.95	0.50	5605	66.6	21.7	40.3	0	22.6	-9.3	1	0	24.8	0	0	735326
 95.3994931	2024	29.9	0.59	0.062	662	40.6	0	22.4	-9.2	0.34	0.63	0.081	5650	65.3	21.8	40.3	0	21.8	-9.3	1	1	5.18	8.95	7.95	0.51	5608	66.1	21.7	40.3	0	22.6	-9.3	1	0	24.8	0	0	735527
 95.3995046	2024	30.9	0.59	0.061	662	40.6	0	22.4	-9.2	0.34	0.63	0.079	5652	65.2	21.8	40.3	0	21.8	-9.3	1	1	5.19	8.96	7.95	0.51	5610	65.7	21.7	40.2	0	22.6	-9.3	1	0	24.8	0	0	735727
 95.3995162	2024	31.9	0.59	0.061	662	40.6	0	22.4	-9.2	0.34	0.61	0.076	5655	65.2	21.8	40.3	0	21.8	-9.3	1	1	5.24	8.95	7.94	0.51	5610	65.2	21.8	40.2	0	22.6	-9.3	1	0	24.8	0	0	735927
 95.3995278	2024	32.9	0.59	0.060	662	40.6	0	22.4	-9.2	0.34	0.62	0.069	5659	65.2	21.8	40.2	0	21.8	-9.3	1	1	5.26	8.94	7.95	0.50	5612	65.3	22.0	40.2	0	22.6	-9.3	1	0	24.8	0	0	736127
 95.3995394	2024	33.9	0.59	0.061	662	40.6	0	22.4	-9.2	0.34	0.60	0.065	5664	65.2	21.8	40.2	0	21.8	-9.3	1	1	5.31	8.97	7.95	0.51	5614	65.0	21.7	40.2	0	22.6	-9.3	1	0	24.8	0	0	736327
 95.3995509	2024	34.9	0.59	0.061	663	40.5	0	22.4	-9.2	0.34	0.61	0.059	5668	65.2	21.8	40.2	0	21.8	-9.3	1	1	5.33	8.98	7.94	0.51	5616	64.6	21.7	40.2	0	22.6	-9.3	1	0	24.8	0	0	736527
 95.3995625	2024	35.9	0.59	0.062	663	40.5	0	22.4	-9.2	0.34	0.62	0.058	5670	65.2	21.8	40.2	0	21.8	-9.3	1	1	5.40	8.99	7.95	0.51	5617	64.5	21.7	40.2	0	22.6	-9.3	1	0	24.8	0	0	736727
 95.3995741	2024	36.9	0.59	0.061	663	40.5	0	22.4	-9.2	0.35	0.62	0.053	5673	65.1	21.8	40.2	0	21.8	-9.3	1	1	5.41	9.00	7.95	0.51	5619	64.1	21.7	40.2	0	22.6	-9.3	1	0	24.8	0	0	736926
 95.3995856	2024	37.9	0.59	0.061	663	40.5	0	22.4	-9.2	0.35	0.63	0.051	5675	65.0	21.8	40.1	160	21.8	-9.3	1	1	5.46	9.01	7.95	0.51	5619	63.7	21.7	40.1	160	22.6	-9.3	1	0	24.8	0	0	737127
 95.3995972	2024	38.9	0.59	0.060	663	40.5	0	22.4	-9.2	0.36	0.64	0.048	5677	64.9	21.8	40.1	160	21.8	-9.3	1	1	5.48	9.00	7.94	0.51	5621	63.7	22.0	40.1	160	22.6	-9.3	1	0	24.9	0	0	737326
 95.3996088	2024	39.9	0.59	0.061	663	40.5	0	22.5	-9.2	0.36	0.65	0.052	5677	64.8	21.8	40.1	160	21.8	-9.3	1	1	5.53	9.02	7.95	0.51	5623	63.2	21.8	40.1	160	22.6	-9.3	1	0	24.9	0	0	737526
 95.3996204	2024	40.9	0.59	0.061	663	40.5	0	22.5	-9.2	0.37	0.65	0.052	5677	64.7	21.8	40.1	160	21.8	-9.3	1	1	5.56	9.05	7.94	0.51	5623	63.0	21.7	40.1	160	22.6	-9.3	1	0	24.9	0	0	737726
 95.3996319	2024	41.9	0.59	0.061	663	40.4	0	22.5	-9.2	0.37	0.66	0.057	5677	64.7	21.8	40.1	160	21.8	-9.3	1	1	5.61	9.06	7.95	0.51	5626	62.7	21.8	40.1	160	22.6	-9.3	1	0	24.9	0	0	737926
 95.3996435	2024	42.9	0.59	0.060	664	40.4	0	22.5	-9.2	0.37	0.66	0.057	5679	64.6	21.8	40.1	160	21.8	-9.3	1	1	5.62	9.04	7.94	0.51	5626	62.2	21.8	40.1	160	22.6	-9.3	1	0	24.9	0	0	738126
 95.3996551	2024	43.9	0.59	0.060	663	40.4	0	22.5	-9.2	0.37	0.66	0.059	5679	64.5	21.8	40.1	160	21.8	-9.3	1	1	5.66	9.05	7.95	0.51	5628	61.7	21.8	40.1	160	22.6	-9.3	1	0	24.9	0	0	738326
 95.3996667	2024	44.9	0.59	0.059	664	40.4	0	22.5	-9.2	0.37	0.66	0.058	5680	64.3	21.8	40.2	0	21.8	-9.3	1	1	5.68	9.06	7.94	0.50	5628	61.4	21.8	40.2	0	22.6	-9.3	1	0	24.9	0	0	738526
 95.3996782	2024	45.9	0.59	0.060	664	40.4	0	22.5	-9.2	0.38	0.66	0.061	5680	64.2	21.8	40.2	0	21.8	-9.3	1	1	5.74	9.04	7.95	0.51	5630	61.1	22.0	40.2	0	22.6	-9.3	1	0	24.9	0	0	738726
 95.3996898	2024	46.9	0.59	0.059	664	40.4	0	22.5	-9.2	0.38	0.66	0.060	5680	64.0	21.8	40.3	0	21.8	-9.3	1	1	5.75	9.06	7.95	0.50	5630	61.0	21.8	40.3	0	22.6	-9.3	1	0	24.9	0	0	738927
 95.3997014	2024	47.9	0.59	0.059	664	40.3	0	22.5	-9.2	0.38	0.66	0.062	5682	63.8	21.8	40.3	0	21.8	-9.3	1	1	5.80	9.09	7.95	0.51	5632	60.9	21.8	40.4	0	22.6	-9.3	1	0	25.0	0	0	739126
 95.3997130	2024	48.9	0.59	0.059	664	40.3	0	22.5	-9.2	0.38	0.66	0.059	5682	63.7	21.8	40.4	0	21.8	-9.3	1	1	5.82	9.11	7.94	0.50	5632	60.7	21.8	40.4	0	22.6	-9.3	1	0	25.0	0	0	739326
 95.3997245	2024	49.9	0.59	0.059	664	40.3	0	22.5	-9.2	0.38	0.66	0.061	5684	63.5	21.8	40.5	0	21.8	-9.3	1	1	5.85	9.10	7.95	0.51	5634	60.4	21.8	40.5	0	22.6	-9.3	1	0	25.0	0	0	739526
 95.3997361	2024	50.9	0.59	0.059	664	40.3	0	22.5	-9.2	0.39	0.66	0.059	5684	63.4	21.8	40.5	0	21.8	-9.3	1	1	5.87	9.11	7.95	0.50	5634	60.0	21.8	40.5	0	22.6	-9.3	1	0	25.0	0	0	739727
 95.3997477	2024	51.9	0.59	0.061	664	40.3	0	22.5	-9.2	0.39	0.66	0.061	5684	63.2	21.8	40.5	0	21.8	-9.3	1	1	5.91	9.10	7.95	0.51	5635	59.7	21.7	40.5	0	22.6	-9.3	1	0	25.0	0	0	739926
 95.3997593	2024	52.9	0.59	0.061	664	40.2	0	22.5	-9.2	0.39	0.66	0.061	5686	63.1	21.8	40.5	0	21.9	-9.3	1	1	5.93	9.13	7.94	0.51	5635	59.6	22.0	40.6	0	22.6	-9.3	1	0	25.0	0	0	740126
 95.3997708	2024	53.9	0.59	0.062	664	40.2	0	22.5	-9.2	0.39	0.66	0.062	5688	62.9	21.8	40.6	0	21.9	-9.3	1	1	5.98	9.16	7.94	0.51	5637	59.2	21.7	40.6	0	22.6	-9.3	1	0	25.0	0	0	740326
 95.3997824	2024	54.9	0.59	0.061	664	40.2	0	22.5	-9.2	0.40	0.66	0.061	5688	62.8	21.8	40.6	0	21.9	-9.3	1	1	5.99	9.13	7.94	0.51	5639	59.2	21.7	40.6	0	22.6	-9.3	1	0	25.0	0	0	740526
 95.3997940	2024	55.9	0.59	0.061	664	40.2	0	22.5	-9.2	0.40	0.66	0.063	5689	62.8	21.8	40.6	0	21.9	-9.3	1	1	6.04	9.16	7.94	0.51	5641	59.0	21.8	40.6	0	22.6	-9.3	1	0	25.0	0	0	740727
 95.3998056	2024	56.9	0.59	0.060	665	40.2	0	22.5	-9.2	0.40	0.66	0.059	5691	62.7	21.8	40.6	0	21.9	-9.3	1	1	6.05	9.15	7.94	0.51	5641	58.9	21.8	40.6	0	22.6	-9.3	1	0	25.0	0	0	740926
 95.3998171	2024	57.9	0.59	0.060	665	40.2	0	22.5	-9.2	0.40	0.67	0.058	5693	62.5	21.8	40.6	0	21.9	-9.3	1	1	6.09	9.16	7.94	0.51	5643	58.6	21.7	40.6	0	22.6	-9.3	1	0	25.1	0	0	741127
 95.3998287	2024	58.9	0.59	0.059	665	40.1	0	22.5	-9.2	0.41	0.67	0.056	5695	62.4	21.8	40.6	0	21.9	-9.3	1	1	6.10	9.15	7.95	0.51	5643	58.5	21.8	40.6	0	22.6	-9.3	1	0	25.1	0	0	741326
 95.3998403	2024	59.9	0.59	0.060	665	40.1	160	22.5	-9.2	0.41	0.67	0.057	5695	62.2	21.8	40.6	0	21.9	-9.3	1	1	6.14	9.16	7.94	0.51	5643	58.6	22.0	40.6	0	22.6	-9.3	1	0	25.1	0	0	741527
 95.3998519	2024	60.9	0.59	0.058	665	40.1	160	22.5	-9.2	0.41	0.67	0.055	5695	62.0	21.8	40.6	0	21.9	-9.3	1	1	6.16	9.15	7.95	0.51	5644	58.3	21.7	40.6	0	22.6	-9.3	1	0	25.1	0	0	741726
 95.3998634	2024	61.9	0.59	0.060	665	40.1	160	22.5	-9.2	0.41	0.68	0.055	5697	61.9	21.8	40.5	0	21.9	-9.3	1	1	6.21	9.17	7.94	0.51	5644	58.3	21.7	40.6	0	22.6	-9.3	1	0	25.1	0	0	741926
 95.3998750	2024	62.9	0.59	0.058	665	40.1	160	22.5	-9.2	0.42	0.68	0.050	5697	61.8	21.8	40.5	0	21.9	-9.3	1	1	6.23	9.14	7.94	0.50	5643	58.1	21.7	40.6	0	22.6	-9.3	1	0	25.1	0	0	742126
 95.3998866	2024	63.9	0.59	0.058	665	40.1	160	22.5	-9.2	0.43	0.69	0.052	5695	61.7	21.8	40.5	0	21.9	-9.3	1	1	6.26	9.15	7.95	0.50	5641	57.7	21.7	40.6	0	22.6	-9.3	1	0	25.1	0	0	742326
 95.3998981	2024	64.9	0.59	0.056	665	40.1	160	22.5	-9.2	0.42	0.70	0.050	5695	61.5	21.8	40.5	0	21.9	-9.3	1	1	6.27	9.13	7.95	0.50	5641	57.5	21.8	40.6	0	22.6	-9.3	1	0	25.1	0	0	742526
 95.3999097	2024	65.9	0.59	0.058	665	40.2	0	22.5	-9.2	0.43	0.71	0.053	5693	61.3	21.8	40.5	0	21.9	-9.3	1	1	6.32	9.13	7.95	0.50	5641	57.4	22.0	40.6	0	22.6	-9.3	1	0	25.2	0	0	742727
 95.3999213	2024	66.9	0.59	0.056	665	40.2	0	22.5	-9.2	0.43	0.71	0.053	5691	61.2	21.8	40.5	0	21.9	-9.3	1	1	6.33	9.10	7.94	0.50	5639	57.0	21.8	40.5	0	22.6	-9.3	1	0	25.2	0	0	742927
 95.3999329	2024	67.9	0.59	0.058	665	40.3	0	22.5	-9.2	0.44	0.71	0.057	5689	61.1	21.8	40.5	0	21.9	-9.3	1	1	6.37	9.13	7.94	0.50	5639	56.9	21.8	40.5	0	22.6	-9.3	1	0	25.2	0	0	743126
 95.3999444	2024	68.9	0.59	0.057	664	40.3	0	22.5	-9.2	0.44	0.71	0.057	5688	60.9	21.8	40.5	0	21.9	-9.3	1	1	6.38	9.11	7.94	0.50	5637	56.4	21.8	40.5	0	22.6	-9.3	1	0	25.2	0	0	743327
 95.3999560	2024	69.9	0.59	0.058	664	40.4	0	22.5	-9.2	0.44	0.72	0.059	5686	60.7	21.8	40.4	0	21.9	-9.3	1	1	6.42	9.09	7.94	0.50	5635	56.1	21.8	40.5	0	22.6	-9.3	1	0	25.2	0	0	743526
 95.3999676	2024	70.9	0.60	0.056	664	40.4	0	22.5	-9.2	0.44	0.72	0.058	5684	60.5	21.8	40.4	0	21.9	-9.3	1	1	6.43	9.08	7.94	0.49	5634	55.9	21.9	40.5	0	22.6	-9.3	1	0	25.2	0	0	743726
 95.3999792	2024	71.9	0.59	0.058	664	40.5	0	22.5	-9.2	0.44	0.72	0.061	5682	60.3	21.8	40.4	0	21.9	-9.3	1	1	6.47	9.07	7.95	0.50	5632	55.8	22.1	40.5	0	22.6	-9.3	1	0	25.2	0	0	743926
 95.3999907	2024	72.9	0.60	0.057	664	40.5	0	22.5	-9.2	0.45	0.72	0.061	5679	60.2	21.8	40.4	0	21.9	-9.3	1	1	6.48	9.08	7.94	0.49	5632	55.4	21.8	40.5	0	22.6	-9.3	1	0	25.2	0	0	744126
 95.4000023	2024	73.9	0.60	0.058	664	40.6	0	22.5	-9.2	0.45	0.72	0.062	5677	60.1	21.8	40.4	0	21.9	-9.3	1	1	6.51	9.06	7.94	0.50	5628	55.4	21.8	40.5	0	22.6	-9.3	1	0	25.2	0	0	744326
 95.4000139	2024	74.9	0.60	0.057	664	40.6	0	22.5	-9.2	0.45	0.72	0.062	5675	59.9	21.8	40.4	0	21.9	-9.3	1	1	6.52	9.06	7.93	0.49	5626	55.0	21.8	40.4	0	22.6	-9.3	1	0	25.3	0	0	744527
 95.4000255	2024	75.9	0.60	0.059	664	40.6	0	22.5	-9.2	0.45	0.71	0.064	5675	59.8	21.8	40.3	0	21.9	-9.3	1	1	6.56	9.04	7.95	0.50	5626	54.6	21.8	40.4	0	22.6	-9.3	1	0	25.3	0	0	744726
 95.4000370	2024	76.9	0.60	0.059	663	40.6	0	22.5	-9.2	0.45	0.71	0.063	5673	59.6	21.8	40.3	0	21.9	-9.3	1	1	6.57	9.03	7.94	0.50	5625	54.5	21.9	40.4	0	22.6	-9.3	1	0	25.3	0	0	744926
 95.4000486	2024	77.9	0.60	0.060	663	40.6	0	22.5	-9.2	0.46	0.71	0.064	5673	59.4	21.8	40.3	0	21.9	-9.3	1	1	6.60	9.04	7.94	0.50	5625	54.4	22.1	40.4	0	22.6	-9.3	1	0	25.3	0	0	745127
 95.4000602	2024	78.9	0.60	0.059	663	40.6	0	22.5	-9.2	0.46	0.71	0.062	5671	59.2	21.8	40.3	0	21.9	-9.3	1	1	6.61	9.01	7.93	0.49	5623	54.0	21.8	40.4	0	22.6	-9.3	1	0	25.3	0	0	745326
 95.4000718	2024	79.9	0.60	0.060	663	40.6	0	22.5	-9.2	0.46	0.71	0.061	5670	59.1	21.8	40.3	0	21.9	-9.3	1	1	6.65	9.01	7.94	0.50	5621	54.0	21.8	40.4	0	22.7	-9.3	1	0	25.3	0	0	745526
 95.4000833	2024	80.9	0.60	0.058	663	40.6	0	22.5	-9.2	0.46	0.71	0.059	5670	59.0	21.8	40.3	0	21.9	-9.3	1	1	6.65	8.99	7.94	0.49	5619	53.5	21.8	40.3	0	22.7	-9.3	1	0	25.3	0	0	745726
 95.4000949	2024	81.9	0.60	0.060	663	40.6	0	22.5	-9.2	0.46	0.71	0.061	5668	58.8	21.8	40.2	0	21.9	-9.3	1	1	6.69	8.99	7.94	0.50	5619	53.4	21.8	40.3	0	22.7	-9.3	1	0	25.3	0	0	745926
 95.4001065	2024	82.9	0.60	0.059	663	40.6	0	22.5	-9.2	0.47	0.71	0.061	5666	58.7	21.8	40.2	0	21.9	-9.3	1	1	6.70	8.96	7.94	0.50	5617	53.0	21.8	40.3	0	22.7	-9.3	1	0	25.4	0	0	746127
 95.4001181	2024	83.9	0.60	0.061	663	40.6	0	22.5	-9.2	0.47	0.71	0.061	5666	58.6	21.8	40.2	0	21.9	-9.3	1	1	6.73	8.97	7.94	0.50	5616	53.0	22.1	40.3	0	22.7	-9.3	1	0	25.4	0	0	746326
 95.4001296	2024	84.9	0.60	0.059	663	40.6	0	22.5	-9.2	0.47	0.71	0.059	5664	58.5	21.8	40.2	0	21.9	-9.3	1	1	6.74	8.94	7.93	0.49	5616	52.4	21.8	40.3	0	22.7	-9.3	1	0	25.4	0	0	746526
 95.4001412	2024	85.9	0.60	0.060	663	40.5	0	22.5	-9.2	0.47	0.71	0.060	5664	58.3	21.8	40.2	0	21.9	-9.3	1	1	6.76	8.96	7.94	0.50	5614	52.2	21.8	40.3	0	22.7	-9.3	1	0	25.4	0	0	746726
 95.4001528	2024	86.9	0.60	0.059	662	40.5	0	22.5	-9.2	0.47	0.71	0.058	5662	58.2	21.8	40.2	0	21.9	-9.3	1	1	6.77	8.93	7.94	0.49	5612	52.0	21.8	40.2	0	22.7	-9.3	1	0	25.4	0	0	746927
 95.4001644	2024	87.9	0.60	0.060	662	40.5	0	22.5	-9.2	0.48	0.71	0.059	5661	58.0	21.8	40.1	160	21.9	-9.3	1	1	6.80	8.92	7.94	0.49	5610	51.6	21.8	40.2	0	22.7	-9.3	1	0	25.4	0	0	747126
 95.4001759	2024	88.9	0.60	0.059	662	40.5	0	22.5	-9.2	0.48	0.71	0.058	5659	57.8	21.8	40.1	160	21.9	-9.3	1	1	6.81	8.91	7.93	0.49	5608	51.5	21.8	40.2	0	22.7	-9.3	1	0	25.4	0	0	747326
 95.4001875	2024	89.9	0.60	0.060	662	40.5	0	22.5	-9.2	0.48	0.71	0.060	5657	57.6	21.8	40.1	160	21.9	-9.3	1	1	6.84	8.89	7.94	0.49	5607	51.4	22.0	40.2	0	22.7	-9.3	1	0	25.4	0	0	747526
 95.4001991	2024	90.9	0.60	0.059	662	40.5	0	22.5	-9.2	0.48	0.72	0.059	5655	57.4	21.8	40.1	160	21.9	-9.3	1	1	6.84	8.88	7.94	0.49	5607	51.1	21.8	40.2	0	22.7	-9.3	1	0	25.4	0	0	747726
 95.4002106	2024	91.9	0.60	0.060	662	40.5	0	22.5	-9.2	0.48	0.72	0.061	5653	57.2	21.8	40.1	160	21.9	-9.3	1	1	6.86	8.89	7.94	0.49	5605	51.1	21.8	40.2	0	22.7	-9.3	1	0	25.5	0	0	747926
 95.4002222	2024	92.9	0.60	0.059	662	40.4	0	22.5	-9.2	0.48	0.72	0.060	5652	57.0	21.8	40.1	160	21.9	-9.3	1	1	6.86	8.85	7.94	0.49	5603	50.8	21.8	40.1	160	22.7	-9.3	1	0	25.5	0	0	748127
 95.4002338	2024	93.9	0.60	0.059	662	40.4	0	22.5	-9.2	0.48	0.71	0.062	5650	56.9	21.8	40.2	0	21.9	-9.3	1	1	6.89	8.85	7.94	0.49	5601	50.6	21.8	40.1	160	22.7	-9.3	1	0	25.5	0	0	748327
 95.4002454	2024	94.9	0.60	0.058	661	40.4	0	22.5	-9.2	0.49	0.71	0.062	5648	56.7	21.8	40.2	0	21.9	-9.3	1	1	6.90	8.84	7.94	0.49	5601	50.6	22.0	40.1	160	22.7	-9.3	1	0	25.5	0	0	748526
 95.4002569	2024	95.9	0.60	0.060	661	40.4	0	22.5	-9.2	0.48	0.71	0.066	5646	56.5	21.8	40.3	0	21.9	-9.3	1	1	6.93	8.85	7.94	0.49	5599	50.4	22.0	40.1	160	22.7	-9.3	1	0	25.5	0	0	748727
 95.4002685	2024	96.9	0.60	0.060	661	40.4	0	22.5	-9.2	0.49	0.71	0.066	5644	56.4	21.8	40.3	0	21.9	-9.3	1	1	6.94	8.83	7.93	0.49	5599	50.0	21.8	40.1	160	22.7	-9.3	1	0	25.5	0	0	748926
 95.4002801	2024	97.9	0.60	0.060	661	40.4	0	22.5	-9.2	0.48	0.70	0.066	5644	56.3	21.8	40.4	0	21.9	-9.3	1	1	6.96	8.82	7.94	0.49	5598	49.8	21.9	40.1	160	22.7	-9.3	1	0	25.5	0	0	749126
 95.4002917	2024	98.9	0.60	0.059	661	40.3	0	22.5	-9.2	0.49	0.70	0.064	5644	56.1	21.8	40.4	0	21.9	-9.3	1	1	6.97	8.80	7.93	0.49	5596	49.4	21.9	40.1	160	22.7	-9.3	1	0	25.5	0	0	749327
 95.4003032	2024	99.9	0.60	0.059	661	40.3	0	22.5	-9.2	0.48	0.70	0.063	5644	56.0	21.8	40.5	0	21.9	-9.3	1	1	6.99	8.81	7.93	0.49	5596	49.3	21.8	40.2	0	22.7	-9.3	1	0	25.6	0	0	749526
 95.4003148	2024	100.9	0.60	0.058	661	40.3	0	22.5	-9.2	0.49	0.70	0.061	5643	55.8	21.8	40.5	0	21.9	-9.3	1	1	6.99	8.78	7.93	0.49	5594	49.4	22.1	40.2	0	22.7	-9.3	1	0	25.6	0	0	749727
 95.4003264	2024	101.9	0.60	0.059	661	40.3	0	22.5	-9.2	0.49	0.70	0.059	5643	55.6	21.8	40.5	0	21.9	-9.3	1	1	7.01	8.77	7.93	0.49	5592	49.0	21.9	40.3	0	22.7	-9.3	1	0	25.6	0	0	749926
 95.4003380	2024	102.9	0.60	0.058	661	40.3	0	22.5	-9.2	0.50	0.70	0.056	5643	55.4	21.9	40.6	0	21.9	-9.3	1	1	7.00	8.76	7.94	0.49	5592	48.7	21.8	40.4	0	22.7	-9.3	1	0	25.6	0	0	750126
 95.4003495	2024	103.9	0.60	0.058	661	40.2	0	22.5	-9.2	0.50	0.71	0.056	5641	55.3	21.8	40.6	0	21.9	-9.3	1	1	7.03	8.75	7.93	0.49	5590	48.6	21.8	40.4	0	22.7	-9.3	1	0	25.6	0	0	750326
 95.4003611	2024	104.9	0.60	0.057	661	40.2	0	22.5	-9.2	0.50	0.71	0.054	5641	55.2	21.8	40.6	0	21.9	-9.3	1	1	7.03	8.73	7.94	0.49	5590	48.3	21.8	40.5	0	22.7	-9.3	1	0	25.6	0	0	750526
 95.4003727	2024	105.9	0.60	0.058	661	40.2	0	22.5	-9.2	0.50	0.71	0.055	5639	55.1	21.9	40.6	0	21.9	-9.3	1	1	7.04	8.74	7.94	0.49	5589	48.1	21.8	40.5	0	22.7	-9.3	1	0	25.6	0	0	750727
 95.4003843	2024	106.9	0.60	0.057	660	40.2	0	22.5	-9.2	0.51	0.71	0.054	5639	55.0	21.8	40.6	0	21.9	-9.3	1	1	7.05	8.70	7.93	0.49	5587	48.2	22.1	40.6	0	22.7	-9.3	1	0	25.6	0	0	750926
 95.4003958	2024	107.9	0.60	0.056	660	40.2	0	22.5	-9.2	0.51	0.72	0.055	5637	54.8	21.8	40.6	0	21.9	-9.3	1	1	7.06	8.69	7.93	0.49	5585	48.0	21.9	40.6	0	22.7	-9.3	1	0	25.7	0	0	751127
 95.4004074	2024	108.9	0.60	0.055	660	40.2	0	22.5	-9.2	0.52	0.72	0.057	5634	54.6	21.9	40.6	0	21.9	-9.3	1	1	7.07	8.69	7.93	0.49	5585	47.9	21.8	40.6	0	22.7	-9.3	1	0	25.7	0	0	751326
 95.4004190	2024	109.9	0.59	0.053	660	40.1	160	22.5	-9.2	0.51	0.72	0.058	5634	54.4	21.9	40.6	0	21.9	-9.3	1	1	7.08	8.68	7.93	0.49	5583	47.7	21.8	40.6	0	22.7	-9.3	1	0	25.7	0	0	751526
 95.4004306	2024	111.0	0.60	0.051	660	40.1	160	22.5	-9.2	0.52	0.72	0.056	5632	54.2	21.9	40.6	0	21.9	-9.3	1	1	7.08	8.67	7.93	0.49	5581	47.5	21.8	40.6	0	22.7	-9.3	1	0	25.7	0	0	751726
 95.4004421	2024	112.0	0.59	0.048	660	40.1	160	22.5	-9.2	0.52	0.73	0.057	5630	54.0	21.9	40.6	0	21.9	-9.3	1	1	7.10	8.67	7.93	0.49	5581	47.4	21.8	40.6	0	22.7	-9.3	1	0	25.7	0	0	751926
 95.4004537	2024	113.0	0.60	0.046	660	40.1	160	22.5	-9.2	0.53	0.72	0.058	5628	53.8	21.8	40.6	0	21.9	-9.3	1	1	7.09	8.65	7.94	0.49	5580	47.5	22.1	40.6	0	22.7	-9.3	1	0	25.7	0	0	752126
 95.4004653	2024	114.0	0.59	0.042	660	40.1	160	22.5	-9.2	0.53	0.73	0.060	5626	53.7	21.9	40.5	0	21.9	-9.3	1	1	7.11	8.64	7.93	0.49	5580	47.0	21.8	40.6	0	22.7	-9.3	1	0	25.7	0	0	752327
 95.4004769	2024	115.0	0.60	0.039	661	40.1	160	22.5	-9.2	0.53	0.72	0.061	5625	53.5	21.9	40.5	0	21.9	-9.3	1	1	7.11	8.64	7.93	0.49	5578	46.9	21.8	40.6	0	22.7	-9.3	1	0	25.7	0	0	752526
 95.4004884	2024	116.0	0.58	0.033	661	40.1	160	22.5	-9.2	0.53	0.72	0.063	5625	53.4	21.9	40.5	0	21.9	-9.3	1	1	7.12	8.61	7.93	0.49	5578	46.6	21.8	40.6	0	22.7	-9.3	1	0	25.7	0	0	752727
 95.4005000	2024	117.0	0.59	0.026	661	40.2	0	22.5	-9.2	0.53	0.72	0.064	5623	53.2	21.9	40.5	0	21.9	-9.3	1	1	7.13	8.61	7.93	0.49	5576	46.3	21.8	40.6	0	22.7	-9.3	1	0	25.8	0	0	752926
 95.4005116	2024	118.0	0.58	0.018	661	40.2	0	22.5	-9.2	0.53	0.72	0.064	5623	53.0	21.9	40.5	0	21.9	-9.3	1	1	7.13	8.58	7.93	0.49	5576	46.3	21.8	40.6	0	22.7	-9.3	1	0	25.8	0	0	753127
 95.4005231	2024	118.9	0.59	0.011	661	40.3	0	22.5	-9.2	0.53	0.72	0.063	5621	52.8	21.8	40.5	0	21.9	-9.3	1	1	7.12	8.59	7.93	0.49	5574	46.4	22.1	40.6	0	22.7	-9.3	1	0	25.8	0	0	753326
 95.4005347	2024	119.9	0.60	0.012	661	40.4	0	22.5	-9.2	0.54	0.71	0.063	5621	52.7	21.9	40.5	0	21.9	-9.3	1	1	7.14	8.57	7.93	0.49	5574	46.0	21.9	40.6	0	22.7	-9.3	1	0	25.8	0	0	753526
 95.4005463	2024	120.9	0.60	0.018	661	40.4	0	22.5	-9.2	0.54	0.71	0.063	5619	52.6	21.9	40.4	0	21.9	-9.3	1	1	7.14	8.58	7.93	0.49	5572	46.0	21.8	40.6	0	22.7	-9.3	1	0	25.8	0	0	753727
 95.4005579	2024	121.9	0.61	0.026	660	40.5	0	22.5	-9.2	0.53	0.71	0.061	5621	52.5	21.9	40.4	0	21.9	-9.3	1	1	7.16	8.56	7.93	0.49	5572	45.8	21.8	40.6	0	22.7	-9.3	1	0	25.8	0	0	753926
 95.4005694	2024	123.0	0.61	0.038	660	40.5	0	22.5	-9.2	0.54	0.72	0.058	5621	52.4	21.9	40.4	0	21.9	-9.3	1	1	7.16	8.56	7.93	0.49	5571	45.6	21.8	40.6	0	22.7	-9.3	1	0	25.8	0	0	754126
 95.4005810	2024	124.0	0.62	0.050	659	40.5	0	22.5	-9.2	0.54	0.72	0.057	5619	52.2	21.9	40.4	0	21.9	-9.3	1	1	7.17	8.54	7.94	0.49	5569	45.6	21.8	40.6	0	22.7	-9.3	1	0	25.8	0	0	754326
 95.4005926	2024	125.0	0.61	0.061	659	40.6	0	22.5	-9.2	0.55	0.72	0.055	5617	52.0	21.8	40.4	0	21.9	-9.3	1	1	7.17	8.53	7.93	0.49	5567	45.5	22.1	40.5	0	22.7	-9.3	1	0	25.8	0	0	754526
 95.4006042	2024	126.0	0.62	0.072	658	40.6	0	22.5	-9.2	0.55	0.73	0.055	5616	51.8	21.9	40.4	0	21.9	-9.3	1	1	7.17	8.52	7.93	0.49	5565	45.3	21.9	40.5	0	22.7	-9.3	1	0	25.9	0	0	754726
 95.4006157	2024	127.0	0.61	0.081	657	40.6	0	22.5	-9.2	0.55	0.73	0.055	5616	51.5	21.9	40.3	0	21.9	-9.3	1	1	7.17	8.52	7.93	0.49	5565	45.2	21.9	40.5	0	22.7	-9.3	1	0	25.9	0	0	754926
 95.4006273	2024	128.0	0.60	0.083	657	40.6	0	22.5	-9.2	0.55	0.73	0.058	5614	51.4	21.9	40.3	0	21.9	-9.3	1	1	7.18	8.51	7.93	0.49	5563	44.9	21.9	40.5	0	22.7	-9.3	1	0	25.9	0	0	755126
 95.4006389	2024	129.0	0.60	0.079	657	40.6	0	22.5	-9.2	0.56	0.73	0.059	5610	51.2	21.9	40.3	0	21.9	-9.3	1	1	7.19	8.50	7.93	0.49	5563	44.8	21.9	40.5	0	22.7	-9.3	1	0	25.9	0	0	755326
 95.4006505	2024	130.0	0.60	0.076	658	40.6	0	22.5	-9.2	0.55	0.73	0.061	5610	51.1	21.9	40.3	0	21.9	-9.3	1	1	7.19	8.48	7.93	0.49	5562	44.8	21.9	40.5	0	22.7	-9.3	1	0	25.9	0	0	755526
 95.4006620	2024	131.0	0.60	0.070	658	40.6	0	22.5	-9.2	0.56	0.72	0.065	5607	50.9	21.8	40.3	0	21.9	-9.3	1	1	7.19	8.48	7.94	0.49	5560	44.8	22.1	40.4	0	22.7	-9.3	1	0	25.9	0	0	755726
 95.4006736	2024	132.0	0.60	0.068	658	40.6	0	22.5	-9.2	0.56	0.72	0.066	5605	50.7	21.9	40.3	0	21.9	-9.3	1	1	7.20	8.48	7.93	0.49	5560	44.6	22.0	40.4	0	22.7	-9.3	1	0	25.9	0	0	755927
 95.4006852	2024	133.0	0.60	0.065	658	40.6	0	22.5	-9.2	0.56	0.72	0.069	5603	50.5	21.9	40.2	0	21.9	-9.3	1	1	7.19	8.46	7.93	0.49	5558	44.6	21.9	40.4	0	22.7	-9.3	1	0	25.9	0	0	756127
 95.4006968	2024	134.0	0.60	0.063	658	40.6	0	22.5	-9.2	0.55	0.71	0.068	5605	50.4	21.9	40.2	0	21.9	-9.3	1	1	7.21	8.45	7.93	0.49	5558	44.4	21.8	40.4	0	22.7	-9.3	1	0	25.9	0	0	756327
 95.4007083	2024	135.0	0.60	0.060	658	40.6	0	22.5	-9.2	0.56	0.71	0.067	5603	50.3	21.9	40.2	0	21.9	-9.3	1	1	7.20	8.44	7.93	0.49	5558	44.3	21.8	40.4	0	22.7	-9.3	1	0	25.9	0	0	756526
 95.4007199	2024	136.0	0.60	0.060	658	40.6	0	22.5	-9.2	0.56	0.70	0.067	5603	50.2	21.9	40.2	0	21.9	-9.3	1	1	7.21	8.42	7.93	0.49	5556	44.3	21.9	40.4	0	22.7	-9.3	1	0	26.0	0	0	756727
 95.4007315	2024	137.0	0.60	0.059	658	40.5	0	22.5	-9.2	0.56	0.70	0.066	5603	50.0	21.8	40.2	0	21.9	-9.3	1	1	7.21	8.43	7.93	0.49	5556	44.4	22.1	40.3	0	22.7	-9.3	1	0	26.0	0	0	756926
 95.4007431	2024	138.0	0.59	0.055	658	40.5	0	22.5	-9.2	0.56	0.69	0.067	5603	49.8	21.9	40.1	160	21.9	-9.3	1	1	7.21	8.43	7.93	0.49	5556	44.1	21.9	40.3	0	22.7	-9.3	1	0	26.0	0	0	757126
 95.4007546	2024	139.0	0.60	0.049	658	40.5	0	22.5	-9.2	0.56	0.70	0.062	5605	49.5	21.9	40.1	160	21.9	-9.3	1	1	7.21	8.39	7.93	0.49	5556	44.0	21.9	40.3	0	22.7	-9.3	1	0	26.0	0	0	757326
 95.4007662	2024	140.0	0.60	0.047	658	40.5	0	22.5	-9.2	0.56	0.69	0.061	5605	49.3	21.9	40.1	160	21.9	-9.3	1	1	7.21	8.41	7.93	0.49	5556	43.8	21.9	40.3	0	22.7	-9.3	1	0	26.0	0	0	757527
 95.4007778	2024	141.0	0.60	0.049	658	40.5	0	22.5	-9.2	0.56	0.70	0.060	5605	49.1	21.9	40.1	160	21.9	-9.3	1	1	7.21	8.40	7.93	0.49	5556	43.7	21.9	40.3	0	22.7	-9.3	1	0	26.0	0	0	757726
 95.4007894	2024	142.0	0.60	0.050	658	40.5	0	22.5	-9.2	0.56	0.70	0.059	5605	49.0	21.9	40.1	160	21.9	-9.3	1	1	7.22	8.38	7.93	0.49	5554	43.7	21.8	40.3	0	22.7	-9.3	1	0	26.0	0	0	757926
 95.4008009	2024	143.0	0.60	0.051	658	40.4	0	22.5	-9.2	0.57	0.70	0.058	5605	48.8	21.8	40.1	160	21.9	-9.3	1	1	7.23	8.40	7.92	0.49	5554	43.9	22.1	40.3	0	22.7	-9.3	1	0	26.0	0	0	758127
 95.4008125	2024	144.0	0.61	0.053	658	40.4	0	22.5	-9.2	0.57	0.70	0.057	5605	48.6	21.9	40.1	160	21.9	-9.3	1	1	7.22	8.39	7.93	0.49	5554	43.7	21.9	40.2	0	22.7	-9.3	1	0	26.0	0	0	758327
 95.4008241	2024	145.0	0.61	0.057	658	40.4	0	22.5	-9.2	0.57	0.70	0.056	5605	48.4	21.9	40.2	0	21.9	-9.3	1	1	7.23	8.38	7.93	0.49	5553	43.6	21.8	40.2	0	22.7	-9.3	1	0	26.0	0	0	758526
 95.4008356	2024	146.0	0.60	0.058	657	40.4	0	22.5	-9.2	0.57	0.70	0.055	5603	48.2	21.9	40.2	0	21.9	-9.3	1	1	7.24	8.36	7.93	0.49	5551	43.5	21.8	40.2	0	22.7	-9.3	1	0	26.1	0	0	758727
 95.4008472	2024	147.0	0.61	0.058	657	40.4	0	22.5	-9.2	0.58	0.71	0.055	5601	48.0	21.9	40.3	0	21.9	-9.3	1	1	7.23	8.38	7.93	0.49	5551	43.6	21.8	40.2	0	22.7	-9.3	1	0	26.1	0	0	758926
 95.4008588	2024	148.0	0.61	0.061	657	40.4	0	22.5	-9.2	0.58	0.71	0.057	5599	47.8	21.9	40.4	0	21.9	-9.3	1	1	7.24	8.37	7.92	0.49	5551	43.5	21.8	40.2	0	22.7	-9.3	1	0	26.1	0	0	759126
 95.4008704	2024	149.0	0.61	0.063	657	40.3	0	22.5	-9.2	0.58	0.71	0.058	5598	47.7	21.9	40.4	0	21.9	-9.3	1	1	7.24	8.37	7.93	0.49	5549	43.6	22.1	40.2	0	22.7	-9.3	1	0	26.1	0	0	759326
 95.4008819	2024	150.0	0.61	0.065	657	40.3	0	22.5	-9.2	0.58	0.71	0.060	5598	47.5	21.9	40.5	0	21.9	-9.3	1	1	7.24	8.36	7.93	0.49	5547	43.3	21.8	40.1	160	22.7	-9.3	1	0	26.1	0	0	759527
 95.4008935	2024	151.0	0.61	0.066	657	40.3	0	22.5	-9.2	0.58	0.71	0.061	5596	47.3	21.9	40.5	0	21.9	-9.3	1	1	7.25	8.34	7.93	0.48	5547	43.2	21.8	40.1	160	22.7	-9.3	1	0	26.1	0	0	759726
 95.4009051	2024	152.0	0.60	0.067	656	40.3	0	22.5	-9.2	0.58	0.71	0.062	5594	47.1	21.9	40.5	0	21.9	-9.3	1	1	7.25	8.34	7.93	0.48	5545	43.1	21.8	40.1	160	22.7	-9.3	1	0	26.1	0	0	759926
 95.4009167	2024	153.0	0.60	0.067	656	40.3	0	22.5	-9.2	0.58	0.71	0.064	5592	46.9	21.9	40.6	0	21.9	-9.3	1	1	7.25	8.34	7.93	0.49	5545	43.0	21.9	40.1	160	22.7	-9.3	1	0	26.1	0	0	760127
 95.4009282	2024	154.0	0.60	0.067	656	40.3	0	22.5	-9.2	0.58	0.70	0.066	5590	46.7	21.9	40.6	0	21.9	-9.3	1	1	7.26	8.34	7.92	0.49	5544	43.0	21.9	40.1	160	22.7	-9.3	1	0	26.1	0	0	760326
 95.4009398	2024	155.0	0.60	0.065	656	40.2	0	22.5	-9.2	0.58	0.70	0.066	5590	46.6	21.9	40.6	0	21.9	-9.3	1	1	7.25	8.34	7.92	0.49	5544	43.1	22.1	40.1	160	22.7	-9.3	1	0	26.1	0	0	760526
 95.4009514	2024	156.0	0.60	0.065	656	40.2	0	22.5	-9.2	0.58	0.69	0.066	5590	46.5	21.9	40.6	0	21.9	-9.3	1	1	7.27	8.33	7.93	0.49	5544	42.7	21.9	40.2	0	22.7	-9.3	1	0	26.1	0	0	760726
 95.4009630	2024	157.0	0.60	0.065	656	40.2	0	22.6	-9.2	0.58	0.69	0.065	5590	46.3	21.9	40.6	0	21.9	-9.3	1	1	7.26	8.32	7.93	0.49	5542	42.8	21.9	40.2	0	22.7	-9.3	1	0	26.2	0	0	760926
 95.4009745	2024	158.0	0.60	0.065	656	40.2	0	22.6	-9.2	0.58	0.68	0.065	5589	46.2	21.9	40.6	0	21.9	-9.3	1	1	7.26	8.31	7.93	0.49	5542	42.6	21.9	40.3	0	22.7	-9.3	1	0	26.2	0	0	761127
 95.4009861	2024	159.0	0.60	0.064	656	40.2	0	22.6	-9.2	0.57	0.68	0.064	5590	46.0	21.9	40.6	0	21.9	-9.3	1	1	7.27	8.31	7.93	0.49	5540	42.5	21.9	40.3	0	22.7	-9.3	1	0	26.2	0	0	761326
 95.4009977	2024	160.0	0.60	0.063	656	40.2	0	22.6	-9.2	0.57	0.68	0.061	5590	45.9	21.9	40.6	0	21.9	-9.3	1	1	7.27	8.31	7.93	0.49	5540	42.6	22.0	40.4	0	22.7	-9.3	1	0	26.2	0	0	761526
 95.4010093	2024	161.0	0.60	0.061	656	40.1	160	22.6	-9.2	0.58	0.68	0.060	5590	45.8	21.9	40.6	0	21.9	-9.3	1	1	7.27	8.29	7.92	0.49	5540	42.7	22.2	40.5	0	22.7	-9.3	1	0	26.2	0	0	761727
 95.4010208	2024	162.0	0.60	0.060	656	40.1	160	22.6	-9.2	0.58	0.68	0.060	5590	45.8	21.9	40.6	0	21.9	-9.3	1	1	7.26	8.29	7.93	0.49	5540	42.5	21.8	40.5	0	22.7	-9.3	1	0	26.2	0	0	761927
 95.4010324	2024	163.0	0.60	0.059	656	40.1	160	22.6	-9.2	0.58	0.68	0.060	5590	45.7	21.9	40.6	0	21.9	-9.3	1	1	7.27	8.28	7.92	0.49	5540	42.5	21.8	40.5	0	22.7	-9.3	1	0	26.2	0	0	762126
 95.4010440	2024	164.0	0.59	0.056	657	40.1	160	22.6	-9.2	0.58	0.68	0.061	5590	45.5	21.9	40.6	0	21.9	-9.3	1	1	7.28	8.28	7.93	0.49	5542	42.4	21.9	40.6	0	22.7	-9.3	1	0	26.2	0	0	762327
 95.4010556	2024	165.0	0.60	0.052	657	40.1	160	22.6	-9.2	0.58	0.68	0.062	5590	45.4	21.9	40.5	0	21.9	-9.3	1	1	7.27	8.29	7.93	0.49	5542	42.4	21.9	40.6	0	22.7	-9.3	1	0	26.2	0	0	762526
 95.4010671	2024	166.0	0.60	0.051	657	40.1	160	22.6	-9.2	0.58	0.68	0.062	5590	45.2	21.9	40.5	0	21.9	-9.3	1	1	7.29	8.29	7.92	0.49	5542	42.6	22.1	40.6	0	22.7	-9.3	1	0	26.2	0	0	762726
 95.4010787	2024	167.0	0.60	0.051	657	40.2	0	22.6	-9.2	0.58	0.68	0.061	5592	45.0	21.9	40.5	0	21.9	-9.3	1	1	7.29	8.30	7.93	0.49	5542	42.4	22.0	40.6	0	22.7	-9.3	1	0	26.2	0	0	762927
 95.4010903	2024	168.0	0.60	0.053	657	40.2	0	22.6	-9.2	0.58	0.67	0.061	5592	44.9	21.9	40.5	0	21.9	-9.3	1	1	7.30	8.31	7.92	0.49	5542	42.3	21.9	40.6	0	22.7	-9.3	1	0	26.3	0	0	763126
 95.4011019	2024	169.0	0.60	0.056	657	40.3	0	22.6	-9.2	0.58	0.67	0.060	5592	44.8	21.9	40.5	0	21.9	-9.3	1	1	7.30	8.31	7.92	0.49	5542	42.2	21.9	40.6	0	22.7	-9.3	1	0	26.3	0	0	763326
 95.4011134	2024	170.0	0.60	0.058	657	40.3	0	22.6	-9.2	0.58	0.67	0.060	5594	44.7	21.9	40.5	0	21.9	-9.3	1	1	7.32	8.31	7.93	0.49	5542	41.9	21.9	40.6	0	22.7	-9.3	1	0	26.3	0	0	763527
 95.4011250	2024	171.0	0.60	0.058	657	40.4	0	22.6	-9.2	0.58	0.68	0.059	5594	44.5	21.9	40.5	0	21.9	-9.3	1	1	7.32	8.31	7.92	0.49	5542	41.9	21.9	40.6	0	22.7	-9.3	1	0	26.3	0	0	763726
 95.4011366	2024	172.0	0.60	0.061	656	40.4	0	22.6	-9.2	0.58	0.68	0.058	5594	44.3	21.9	40.4	0	21.9	-9.3	1	1	7.35	8.31	7.92	0.49	5544	42.0	22.1	40.6	0	22.7	-9.3	1	0	26.3	0	0	763927
 95.4011481	2024	173.0	0.60	0.063	656	40.5	0	22.6	-9.2	0.59	0.68	0.058	5594	44.2	21.9	40.4	0	21.9	-9.3	1	1	7.35	8.31	7.93	0.49	5544	41.8	21.9	40.6	0	22.7	-9.3	1	0	26.3	0	0	764126
 95.4011597	2024	174.0	0.60	0.067	656	40.5	0	22.6	-9.2	0.58	0.68	0.058	5594	44.1	21.9	40.4	0	21.9	-9.3	1	1	7.37	8.33	7.92	0.49	5544	41.7	21.9	40.6	0	22.7	-9.3	1	0	26.3	0	0	764326
 95.4011713	2024	175.0	0.60	0.069	656	40.6	0	22.6	-9.2	0.59	0.68	0.059	5594	44.0	21.9	40.4	0	21.9	-9.3	1	1	7.36	8.33	7.93	0.49	5544	41.6	21.9	40.6	0	22.7	-9.3	1	0	26.3	0	0	764527
 95.4011829	2024	176.0	0.60	0.070	656	40.6	0	22.6	-9.2	0.59	0.68	0.060	5594	43.9	21.9	40.4	0	21.9	-9.3	1	1	7.38	8.34	7.93	0.49	5544	41.6	21.9	40.6	0	22.7	-9.3	1	0	26.3	0	0	764726
 95.4011944	2024	177.0	0.60	0.068	656	40.6	0	22.6	-9.2	0.59	0.68	0.061	5592	43.8	21.9	40.4	0	21.9	-9.3	1	1	7.38	8.35	7.93	0.49	5544	41.6	21.9	40.5	0	22.7	-9.3	1	0	26.3	0	0	764926
 95.4012060	2024	178.0	0.60	0.068	656	40.6	0	22.6	-9.2	0.59	0.68	0.062	5592	43.6	21.9	40.3	0	21.9	-9.3	1	1	7.40	8.33	7.93	0.49	5544	41.8	22.1	40.5	0	22.7	-9.3	1	0	26.3	0	0	765127
 95.4012176	2024	179.0	0.60	0.066	656	40.6	0	22.6	-9.2	0.59	0.68	0.063	5592	43.5	21.9	40.3	0	21.9	-9.3	1	1	7.40	8.34	7.92	0.49	5544	41.7	22.0	40.5	0	22.7	-9.3	1	0	26.3	0	0	765326
 95.4012292	2024	180.0	0.60	0.067	656	40.6	0	22.6	-9.2	0.59	0.67	0.065	5592	43.3	21.9	40.3	0	21.9	-9.3	1	1	7.42	8.36	7.93	0.49	5545	41.6	21.9	40.5	0	22.7	-9.3	1	0	26.4	0	0	765526
 95.4012407	2024	181.0	0.60	0.066	656	40.6	0	22.6	-9.2	0.59	0.67	0.063	5594	43.3	21.9	40.3	0	21.9	-9.3	1	1	7.42	8.33	7.92	0.49	5545	41.5	21.9	40.5	0	22.7	-9.3	1	0	26.4	0	0	765727
 95.4012523	2024	182.0	0.60	0.066	657	40.6	0	22.6	-9.2	0.59	0.67	0.064	5594	43.2	21.9	40.3	0	21.9	-9.3	1	1	7.42	8.33	7.93	0.49	5545	41.4	21.9	40.5	0	22.7	-9.3	1	0	26.4	0	0	765926
 95.4012639	2024	183.0	0.60	0.065	656	40.6	0	22.6	-9.2	0.58	0.66	0.063	5594	43.0	21.9	40.3	0	21.9	-9.3	1	1	7.43	8.34	7.93	0.49	5545	41.3	21.9	40.5	0	22.7	-9.3	1	0	26.4	0	0	766127
 95.4012755	2024	184.0	0.59	0.062	657	40.6	0	22.6	-9.2	0.59	0.66	0.067	5594	42.8	21.9	40.2	0	21.9	-9.3	1	1	7.44	8.35	7.93	0.49	5545	41.5	22.1	40.4	0	22.7	-9.3	1	0	26.4	0	0	766326
 95.4012870	2024	185.0	0.60	0.058	657	40.6	0	22.6	-9.2	0.58	0.65	0.065	5596	42.8	21.9	40.2	0	21.9	-9.3	1	1	7.45	8.36	7.92	0.49	5547	41.2	21.9	40.4	0	22.7	-9.3	1	0	26.4	0	0	766526
 95.4012986	2024	186.0	0.59	0.054	657	40.6	0	22.6	-9.2	0.59	0.65	0.067	5596	42.6	21.9	40.2	0	21.9	-9.3	1	1	7.46	8.35	7.92	0.49	5547	41.1	21.9	40.4	0	22.7	-9.3	1	0	26.4	0	0	766727
 95.4013102	2024	187.0	0.59	0.049	658	40.5	0	22.6	-9.2	0.58	0.64	0.065	5598	42.5	21.9	40.2	0	21.9	-9.3	1	1	7.46	8.34	7.93	0.49	5547	41.1	21.9	40.4	0	22.7	-9.3	1	0	26.4	0	0	766926
 95.4013218	2024	188.0	0.60	0.047	657	40.5	0	22.6	-9.2	0.56	0.65	0.051	5605	42.5	21.9	40.2	0	21.9	-9.3	1	1	7.47	8.36	7.93	0.50	5549	41.0	21.9	40.4	0	22.7	-9.3	1	0	26.4	0	0	767126
 95.4013333	2024	189.0	0.60	0.048	658	40.5	0	22.6	-9.2	0.60	0.66	0.054	5601	42.4	21.9	40.1	160	21.9	-9.3	1	1	7.48	8.34	7.93	0.49	5549	41.0	21.9	40.4	0	22.7	-9.3	1	0	26.4	0	0	767327
 95.4013449	2024	190.0	0.60	0.050	657	40.5	0	22.6	-9.2	0.57	0.66	0.051	5605	42.3	21.9	40.1	160	21.9	-9.3	1	1	7.49	8.34	7.93	0.49	5549	41.1	22.2	40.3	0	22.7	-9.3	1	0	26.4	0	0	767526
 95.4013565	2024	191.0	0.60	0.052	658	40.5	0	22.6	-9.2	0.60	0.67	0.054	5601	42.2	21.9	40.1	160	21.9	-9.3	1	1	7.50	8.34	7.92	0.49	5549	40.9	22.0	40.3	0	22.7	-9.3	1	0	26.4	0	0	767727
 95.4013681	2024	192.0	0.60	0.056	657	40.5	0	22.6	-9.2	0.59	0.67	0.057	5601	42.1	21.9	40.1	160	21.9	-9.3	1	1	7.50	8.36	7.92	0.49	5549	40.8	21.9	40.3	0	22.7	-9.3	1	0	26.4	0	0	767926
 95.4013796	2024	193.0	0.60	0.058	657	40.5	0	22.6	-9.2	0.59	0.68	0.054	5601	41.9	21.9	40.1	160	21.9	-9.3	1	1	7.50	8.36	7.93	0.49	5549	40.8	21.9	40.3	0	22.7	-9.3	1	0	26.4	0	0	768126
 95.4013912	2024	194.0	0.60	0.060	657	40.4	0	22.6	-9.2	0.59	0.67	0.059	5601	41.8	21.9	40.1	160	21.9	-9.3	1	1	7.52	8.37	7.92	0.49	5549	40.7	21.9	40.3	0	22.7	-9.3	1	0	26.4	0	0	768327
 95.4014028	2024	195.0	0.60	0.062	657	40.4	0	22.6	-9.2	0.59	0.68	0.054	5601	41.6	21.9	40.1	160	21.9	-9.3	1	1	7.52	8.36	7.93	0.49	5549	40.7	21.9	40.3	0	22.7	-9.3	1	0	26.5	0	0	768526
 95.4014144	2024	196.0	0.61	0.066	657	40.4	0	22.6	-9.2	0.59	0.68	0.057	5601	41.5	21.9	40.2	0	21.9	-9.3	1	1	7.53	8.36	7.93	0.49	5549	40.9	22.2	40.3	0	22.7	-9.3	1	0	26.5	0	0	768726
 95.4014259	2024	197.0	0.60	0.068	657	40.4	0	22.6	-9.2	0.60	0.68	0.059	5599	41.4	21.9	40.2	0	21.9	-9.3	1	1	7.53	8.37	7.93	0.49	5549	40.6	22.0	40.2	0	22.7	-9.3	1	0	26.5	0	0	768926
 95.4014375	2024	198.0	0.60	0.069	657	40.4	0	22.6	-9.2	0.60	0.68	0.062	5598	41.3	21.9	40.3	0	21.9	-9.3	1	1	7.55	8.38	7.93	0.49	5549	40.6	21.9	40.2	0	22.7	-9.3	1	0	26.5	0	0	769127
 95.4014491	2024	199.0	0.60	0.066	657	40.4	0	22.6	-9.2	0.60	0.68	0.064	5598	41.2	21.9	40.4	0	21.9	-9.3	1	1	7.55	8.36	7.93	0.49	5549	40.6	21.9	40.2	0	22.7	-9.3	1	0	26.5	0	0	769326
 95.4014606	2024	200.0	0.60	0.066	657	40.3	0	22.6	-9.2	0.59	0.68	0.066	5596	41.1	21.9	40.4	0	21.9	-9.3	1	1	7.55	8.37	7.93	0.49	5549	40.4	21.9	40.2	0	22.7	-9.3	1	0	26.5	0	0	769526
 95.4014722	2024	201.0	0.60	0.065	657	40.3	0	22.6	-9.2	0.59	0.67	0.067	5596	41.1	21.9	40.5	0	21.9	-9.3	1	1	7.55	8.37	7.93	0.49	5549	40.4	21.9	40.2	0	22.7	-9.3	1	0	26.5	0	0	769726
 95.4014838	2024	202.0	0.60	0.064	657	40.3	0	22.6	-9.2	0.59	0.67	0.066	5596	41.0	21.9	40.5	0	21.9	-9.3	1	1	7.57	8.37	7.93	0.49	5549	40.6	22.2	40.2	0	22.7	-9.3	1	0	26.5	0	0	769927
 95.4014954	2024	203.0	0.60	0.061	657	40.3	0	22.6	-9.2	0.59	0.66	0.065	5598	40.9	21.9	40.5	0	21.9	-9.3	1	1	7.57	8.35	7.93	0.49	5549	40.3	21.9	40.1	160	22.7	-9.3	1	0	26.5	0	0	770127
 95.4015069	2024	204.0	0.60	0.062	657	40.3	0	22.6	-9.2	0.59	0.66	0.064	5598	40.8	21.9	40.6	0	21.9	-9.3	1	1	7.58	8.37	7.92	0.49	5549	40.2	21.9	40.1	160	22.7	-9.3	1	0	26.5	0	0	770326
 95.4015185	2024	205.0	0.60	0.062	657	40.3	0	22.6	-9.2	0.59	0.66	0.063	5598	40.8	21.9	40.6	0	21.9	-9.3	1	1	7.59	8.38	7.93	0.49	5549	40.1	21.9	40.1	160	22.7	-9.3	1	0	26.5	0	0	770526
 95.4015301	2024	206.0	0.60	0.063	657	40.2	0	22.6	-9.2	0.59	0.66	0.063	5599	40.8	21.9	40.6	0	21.9	-9.3	1	1	7.60	8.38	7.93	0.49	5549	40.1	21.9	40.1	160	22.7	-9.3	1	0	26.5	0	0	770727
 95.4015417	2024	207.0	0.60	0.063	657	40.2	0	22.6	-9.2	0.59	0.65	0.061	5599	40.8	21.9	40.6	0	21.9	-9.3	1	1	7.60	8.37	7.93	0.49	5549	40.2	22.1	40.1	160	22.7	-9.3	1	0	26.5	0	0	770927
 95.4015532	2024	208.0	0.60	0.064	657	40.2	0	22.6	-9.2	0.59	0.66	0.060	5599	40.7	21.9	40.6	0	21.9	-9.3	1	1	7.61	8.37	7.93	0.49	5549	40.1	22.1	40.1	160	22.7	-9.3	1	0	26.5	0	0	771126
 95.4015648	2024	209.0	0.60	0.063	657	40.2	0	22.6	-9.2	0.59	0.66	0.059	5599	40.7	21.9	40.6	0	21.9	-9.3	1	1	7.61	8.35	7.93	0.49	5549	39.9	21.9	40.2	0	22.7	-9.3	1	0	26.5	0	0	771326
 95.4015764	2024	210.0	0.60	0.064	657	40.2	0	22.6	-9.2	0.59	0.66	0.059	5599	40.6	21.9	40.6	0	21.9	-9.3	1	1	7.63	8.37	7.93	0.49	5549	39.9	21.9	40.2	0	22.7	-9.3	1	0	26.5	0	0	771527
 95.4015880	2024	211.0	0.60	0.063	657	40.1	160	22.6	-9.2	0.59	0.66	0.058	5601	40.5	21.9	40.6	0	21.9	-9.3	1	1	7.62	8.35	7.93	0.49	5549	39.9	21.9	40.3	0	22.7	-9.3	1	0	26.5	0	0	771726
 95.4015995	2024	212.0	0.60	0.062	657	40.1	160	22.6	-9.2	0.59	0.66	0.058	5601	40.3	21.9	40.6	0	21.9	-9.3	1	1	7.63	8.36	7.93	0.49	5549	40.0	22.0	40.3	0	22.7	-9.3	1	0	26.6	0	0	771926
 95.4016111	2024	213.0	0.60	0.059	657	40.1	160	22.6	-9.2	0.59	0.67	0.058	5601	40.2	21.9	40.6	0	21.9	-9.3	1	1	7.64	8.35	7.93	0.49	5549	40.2	22.2	40.4	0	22.7	-9.3	1	0	26.6	0	0	772127
 95.4016227	2024	214.0	0.59	0.054	657	40.1	160	22.6	-9.2	0.59	0.66	0.059	5601	40.1	21.9	40.6	0	22.0	-9.3	1	1	7.65	8.35	7.93	0.49	5549	39.9	21.9	40.5	0	22.7	-9.3	1	0	26.6	0	0	772326
 95.4016343	2024	215.0	0.59	0.048	658	40.1	160	22.6	-9.2	0.59	0.67	0.059	5599	40.0	21.9	40.6	0	22.0	-9.3	1	1	7.65	8.35	7.93	0.49	5549	39.8	21.9	40.5	0	22.7	-9.3	1	0	26.6	0	0	772527
 95.4016458	2024	216.0	0.60	0.047	658	40.1	160	22.6	-9.2	0.59	0.67	0.059	5599	39.9	21.9	40.5	0	22.0	-9.3	1	1	7.66	8.34	7.93	0.49	5549	39.7	21.9	40.5	0	22.7	-9.3	1	0	26.6	0	0	772727
 95.4016574	2024	217.0	0.60	0.047	657	40.1	160	22.6	-9.2	0.59	0.67	0.060	5599	39.8	21.9	40.5	0	22.0	-9.3	1	1	7.66	8.34	7.93	0.49	5547	39.6	21.9	40.6	0	22.7	-9.3	1	0	26.6	0	0	772926
 95.4016690	2024	218.0	0.60	0.049	658	40.2	0	22.6	-9.2	0.59	0.67	0.060	5598	39.6	21.9	40.5	0	22.0	-9.3	1	1	7.68	8.33	7.93	0.49	5547	39.6	22.0	40.6	0	22.7	-9.3	1	0	26.6	0	0	773127
 95.4016806	2024	219.0	0.60	0.052	657	40.2	0	22.6	-9.2	0.59	0.67	0.059	5598	39.4	21.9	40.5	0	22.0	-9.3	1	1	7.68	8.33	7.92	0.49	5547	39.6	22.2	40.6	0	22.7	-9.3	1	0	26.6	0	0	773326
 95.4016921	2024	220.0	0.61	0.055	657	40.3	0	22.6	-9.2	0.59	0.67	0.059	5598	39.3	21.9	40.5	0	22.0	-9.3	1	1	7.70	8.34	7.93	0.49	5545	39.3	22.0	40.6	0	22.7	-9.3	1	0	26.6	0	0	773526
 95.4017037	2024	221.0	0.61	0.058	657	40.4	0	22.6	-9.2	0.60	0.67	0.058	5596	39.2	21.9	40.5	0	22.0	-9.3	1	1	7.70	8.32	7.93	0.49	5545	39.3	22.0	40.6	0	22.7	-9.3	1	0	26.6	0	0	773726
 95.4017153	2024	222.0	0.61	0.060	657	40.4	0	22.6	-9.2	0.60	0.67	0.058	5596	39.1	21.9	40.5	0	22.0	-9.3	1	1	7.70	8.31	7.93	0.49	5544	39.3	21.9	40.6	0	22.7	-9.3	1	0	26.6	0	0	773926
 95.4017269	2024	223.0	0.60	0.062	657	40.5	0	22.6	-9.2	0.60	0.68	0.059	5594	39.1	21.9	40.4	0	22.0	-9.3	1	1	7.70	8.30	7.93	0.49	5544	39.3	22.0	40.6	0	22.7	-9.3	1	0	26.6	0	0	774127
 95.4017384	2024	224.0	0.61	0.065	656	40.5	0	22.6	-9.2	0.59	0.68	0.060	5592	39.0	21.9	40.4	0	22.0	-9.3	1	1	7.71	8.32	7.93	0.49	5542	39.5	22.2	40.6	0	22.7	-9.3	1	0	26.6	0	0	774327
 95.4017500	2024	225.0	0.61	0.066	656	40.5	0	22.6	-9.2	0.60	0.68	0.059	5592	39.0	21.9	40.4	0	21.9	-9.3	1	1	7.72	8.31	7.93	0.48	5542	39.1	21.9	40.6	0	22.7	-9.3	1	0	26.6	0	0	774526
 95.4017616	2024	226.0	0.60	0.067	656	40.6	0	22.6	-9.2	0.60	0.68	0.060	5590	39.0	21.9	40.4	0	21.9	-9.3	1	1	7.73	8.31	7.93	0.48	5540	39.0	21.9	40.6	0	22.7	-9.3	1	0	26.6	0	0	774726
 95.4017731	2024	227.0	0.60	0.067	656	40.6	0	22.6	-9.2	0.60	0.68	0.060	5589	39.0	21.9	40.4	0	21.9	-9.3	1	1	7.73	8.30	7.93	0.48	5540	38.8	22.0	40.6	0	22.7	-9.3	1	0	26.6	0	0	774926
 95.4017847	2024	228.0	0.60	0.067	656	40.6	0	22.6	-9.2	0.60	0.67	0.061	5589	39.0	21.9	40.4	0	21.9	-9.3	1	1	7.73	8.30	7.93	0.49	5538	38.6	22.0	40.6	0	22.7	-9.3	1	0	26.6	0	0	775126
 95.4017963	2024	229.0	0.60	0.065	656	40.6	0	22.6	-9.2	0.60	0.68	0.061	5589	38.9	21.9	40.3	0	21.9	-9.3	1	1	7.73	8.29	7.92	0.49	5538	38.8	22.2	40.5	0	22.7	-9.3	1	0	26.6	0	0	775326
 95.4018079	2024	230.0	0.60	0.065	656	40.6	0	22.6	-9.2	0.60	0.67	0.062	5587	38.8	21.9	40.3	0	21.9	-9.3	1	1	7.73	8.28	7.93	0.49	5538	38.7	22.1	40.5	0	22.7	-9.3	1	0	26.6	0	0	775527
 95.4018194	2024	231.0	0.60	0.064	656	40.6	0	22.6	-9.2	0.60	0.68	0.062	5585	38.8	21.9	40.3	0	21.9	-9.3	1	1	7.74	8.27	7.93	0.49	5536	38.6	22.0	40.5	0	22.7	-9.3	1	0	26.6	0	0	775727
 95.4018310	2024	232.0	0.60	0.063	656	40.6	0	22.6	-9.2	0.59	0.67	0.063	5585	38.8	21.9	40.3	0	22.0	-9.3	1	1	7.74	8.28	7.92	0.49	5536	38.5	22.0	40.5	0	22.7	-9.3	1	0	26.6	0	0	775926
 95.4018426	2024	233.0	0.60	0.060	656	40.6	0	22.6	-9.2	0.59	0.67	0.063	5585	38.7	21.9	40.3	0	22.0	-9.3	1	1	7.74	8.27	7.91	0.49	5536	38.4	22.0	40.5	0	22.7	-9.3	1	0	26.7	0	0	776126
 95.4018542	2024	234.0	0.60	0.059	656	40.6	0	22.6	-9.2	0.59	0.66	0.064	5585	38.7	21.9	40.3	0	22.0	-9.3	1	1	7.75	8.28	7.92	0.49	5536	38.5	22.1	40.5	0	22.7	-9.3	1	0	26.7	0	0	776327
 95.4018657	2024	235.0	0.60	0.058	656	40.6	0	22.6	-9.2	0.59	0.66	0.063	5585	38.7	21.9	40.2	0	22.0	-9.3	1	1	7.75	8.27	7.93	0.49	5536	38.6	22.2	40.5	0	22.7	-9.3	1	0	26.7	0	0	776526
 95.4018773	2024	236.0	0.59	0.057	656	40.6	0	22.6	-9.2	0.59	0.66	0.063	5587	38.7	21.9	40.2	0	22.0	-9.3	1	1	7.75	8.27	7.92	0.49	5536	38.4	22.0	40.5	0	22.7	-9.3	1	0	26.7	0	0	776727
 95.4018889	2024	237.0	0.60	0.054	656	40.6	0	22.6	-9.2	0.59	0.66	0.062	5587	38.7	21.9	40.2	0	22.0	-9.3	1	1	7.75	8.27	7.93	0.49	5536	38.3	21.9	40.4	0	22.7	-9.3	1	0	26.7	0	0	776926
 95.4019005	2024	238.0	0.60	0.052	656	40.5	0	22.6	-9.2	0.59	0.66	0.062	5587	38.7	21.9	40.2	0	22.0	-9.3	1	1	7.76	8.27	7.93	0.49	5536	38.2	22.0	40.4	0	22.7	-9.3	1	0	26.7	0	0	777127
 95.4019120	2024	239.0	0.60	0.054	656	40.5	0	22.6	-9.2	0.59	0.66	0.061	5587	38.6	21.9	40.2	0	22.0	-9.3	1	1	7.76	8.27	7.93	0.49	5538	38.1	22.0	40.4	0	22.7	-9.3	1	0	26.7	0	0	777326
 95.4019236	2024	240.0	0.60	0.056	656	40.5	0	22.6	-9.2	0.59	0.66	0.060	5589	38.6	21.9	40.2	0	22.0	-9.3	1	1	7.77	8.27	7.93	0.49	5538	38.3	22.2	40.4	0	22.7	-9.3	1	0	26.7	0	0	777526
 95.4019352	2024	241.0	0.60	0.058	656	40.5	0	22.6	-9.2	0.59	0.66	0.059	5589	38.6	21.9	40.1	160	22.0	-9.3	1	1	7.77	8.27	7.93	0.49	5538	38.0	22.1	40.4	0	22.7	-9.3	1	0	26.7	0	0	777727
 95.4019468	2024	242.0	0.60	0.059	656	40.5	0	22.6	-9.2	0.59	0.66	0.059	5589	38.6	21.9	40.1	160	22.0	-9.3	1	1	7.78	8.27	7.93	0.49	5538	37.9	22.0	40.4	0	22.7	-9.3	1	0	26.7	0	0	777926
 95.4019583	2024	243.0	0.60	0.058	656	40.5	0	22.6	-9.2	0.59	0.66	0.058	5590	38.5	21.9	40.1	160	22.0	-9.3	1	1	7.78	8.28	7.92	0.49	5538	37.8	22.0	40.3	0	22.7	-9.3	1	0	26.7	0	0	778126
 95.4019699	2024	244.0	0.60	0.059	656	40.5	0	22.6	-9.2	0.59	0.66	0.058	5590	38.5	21.9	40.1	160	22.0	-9.3	1	1	7.78	8.29	7.93	0.49	5538	37.7	22.0	40.3	0	22.7	-9.3	1	0	26.7	0	0	778327
 95.4019815	2024	245.0	0.60	0.061	656	40.4	0	22.6	-9.2	0.59	0.66	0.058	5590	38.5	21.9	40.1	160	22.0	-9.3	1	1	7.78	8.30	7.92	0.49	5538	37.8	22.0	40.3	0	22.7	-9.3	1	0	26.7	0	0	778526
 95.4019931	2024	246.0	0.60	0.063	656	40.4	0	22.6	-9.2	0.59	0.66	0.059	5590	38.4	21.9	40.1	160	22.0	-9.3	1	1	7.80	8.28	7.93	0.49	5538	38.0	22.2	40.3	0	22.7	-9.3	1	0	26.7	0	0	778727
 95.4020046	2024	247.0	0.60	0.065	656	40.4	0	22.6	-9.2	0.59	0.67	0.059	5590	38.4	21.9	40.2	0	22.0	-9.3	1	1	7.80	8.29	7.92	0.49	5540	37.7	22.0	40.3	0	22.7	-9.3	1	0	26.7	0	0	778926
 95.4020162	2024	248.0	0.60	0.067	656	40.4	0	22.6	-9.2	0.59	0.67	0.060	5590	38.3	21.9	40.2	0	22.0	-9.3	1	1	7.81	8.30	7.92	0.49	5538	37.7	22.0	40.3	0	22.7	-9.3	1	0	26.7	0	0	779126
 95.4020278	2024	249.0	0.60	0.067	656	40.4	0	22.6	-9.2	0.59	0.67	0.060	5589	38.2	21.9	40.3	0	22.0	-9.3	1	1	7.81	8.30	7.93	0.49	5538	37.6	22.0	40.3	0	22.7	-9.3	1	0	26.7	0	0	779327
 95.4020394	2024	250.0	0.60	0.067	656	40.4	0	22.6	-9.2	0.59	0.66	0.061	5589	38.2	21.9	40.3	0	22.0	-9.3	1	1	7.82	8.29	7.93	0.49	5540	37.6	22.0	40.2	0	22.7	-9.3	1	0	26.7	0	0	779527
 95.4020509	2024	251.0	0.60	0.064	656	40.3	0	22.6	-9.2	0.59	0.66	0.062	5589	38.1	21.9	40.4	0	22.0	-9.3	1	1	7.83	8.29	7.93	0.49	5538	37.6	22.0	40.2	0	22.7	-9.3	1	0	26.7	0	0	779727
 95.4020625	2024	252.0	0.60	0.061	656	40.3	0	22.6	-9.2	0.59	0.66	0.063	5589	38.1	21.9	40.4	0	22.0	-9.3	1	1	7.82	8.29	7.92	0.49	5540	37.8	22.2	40.2	0	22.8	-9.3	1	0	26.7	0	0	779927
 95.4020741	2024	253.0	0.60	0.059	656	40.3	0	22.6	-9.2	0.59	0.66	0.062	5589	38.1	21.9	40.5	0	22.0	-9.3	1	1	7.83	8.30	7.93	0.49	5540	37.4	21.9	40.2	0	22.7	-9.3	1	0	26.7	0	0	780126
 95.4020856	2024	254.0	0.60	0.057	656	40.3	0	22.6	-9.2	0.59	0.66	0.062	5590	38.1	21.9	40.5	0	22.0	-9.3	1	1	7.83	8.29	7.92	0.49	5540	37.4	21.9	40.2	0	22.7	-9.3	1	0	26.7	0	0	780327
 95.4020972	2024	255.0	0.60	0.054	657	40.3	0	22.6	-9.2	0.59	0.66	0.060	5590	38.0	21.9	40.6	0	22.0	-9.3	1	1	7.83	8.28	7.92	0.49	5540	37.4	21.9	40.2	0	22.8	-9.3	1	0	26.7	0	0	780527
 95.4021088	2024	256.0	0.60	0.054	656	40.3	0	22.6	-9.2	0.59	0.66	0.059	5590	38.0	21.9	40.6	0	22.0	-9.3	1	1	7.83	8.28	7.92	0.49	5540	37.3	21.9	40.1	160	22.8	-9.3	1	0	26.7	0	0	780727
 95.4021204	2024	257.0	0.60	0.056	656	40.2	0	22.6	-9.2	0.59	0.66	0.058	5590	38.0	21.9	40.6	0	22.0	-9.3	1	1	7.83	8.28	7.92	0.49	5540	37.5	22.2	40.1	160	22.8	-9.3	1	0	26.7	0	0	780926
 95.4021319	2024	258.0	0.60	0.058	656	40.2	0	22.6	-9.2	0.59	0.66	0.058	5590	38.0	21.9	40.6	0	22.0	-9.3	1	1	7.83	8.29	7.92	0.49	5540	37.5	22.1	40.1	160	22.8	-9.3	1	0	26.7	0	0	781127
 95.4021435	2024	259.0	0.60	0.059	656	40.2	0	22.6	-9.2	0.59	0.67	0.058	5590	38.0	21.9	40.6	0	22.0	-9.3	1	1	7.84	8.29	7.92	0.49	5540	37.2	21.9	40.1	160	22.8	-9.3	1	0	26.7	0	0	781327
 95.4021551	2024	260.0	0.60	0.060	656	40.2	0	22.6	-9.2	0.59	0.67	0.058	5590	38.0	21.9	40.6	0	22.0	-9.3	1	1	7.85	8.29	7.92	0.49	5538	37.3	21.9	40.1	160	22.8	-9.3	1	0	26.7	0	0	781526
 95.4021667	2024	261.0	0.60	0.061	656	40.2	0	22.6	-9.2	0.59	0.67	0.059	5590	37.9	21.9	40.6	0	22.0	-9.3	1	1	7.84	8.28	7.92	0.49	5538	37.3	21.9	40.1	160	22.8	-9.3	1	0	26.7	0	0	781726
 95.4021782	2024	262.0	0.60	0.061	656	40.1	160	22.6	-9.2	0.59	0.67	0.059	5590	37.9	21.9	40.6	0	22.0	-9.3	1	1	7.85	8.28	7.92	0.49	5538	37.4	22.0	40.2	0	22.8	-9.3	1	0	26.7	0	0	781927
 95.4021898	2024	263.0	0.60	0.063	656	40.1	160	22.6	-9.2	0.60	0.67	0.060	5589	37.9	21.9	40.6	0	22.0	-9.3	1	1	7.84	8.28	7.92	0.49	5538	37.6	22.2	40.2	0	22.8	-9.3	1	0	26.7	0	0	782126
 95.4022014	2024	264.0	0.60	0.063	656	40.1	160	22.6	-9.2	0.60	0.67	0.060	5589	37.9	21.9	40.6	0	22.0	-9.3	1	1	7.85	8.27	7.92	0.49	5538	37.4	21.9	40.3	0	22.8	-9.3	1	0	26.7	0	0	782327
 95.4022130	2024	265.0	0.60	0.063	656	40.1	160	22.6	-9.2	0.60	0.67	0.060	5589	37.9	21.9	40.6	0	22.0	-9.3	1	1	7.85	8.28	7.92	0.49	5536	37.2	22.0	40.3	0	22.8	-9.3	1	0	26.7	0	0	782526
 95.4022245	2024	266.0	0.60	0.063	656	40.1	160	22.6	-9.2	0.60	0.67	0.060	5587	37.9	22.0	40.6	0	22.0	-9.3	1	1	7.85	8.26	7.92	0.49	5536	37.2	22.0	40.4	0	22.8	-9.3	1	0	26.7	0	0	782726
 95.4022361	2024	267.0	0.60	0.063	656	40.1	160	22.6	-9.2	0.59	0.67	0.060	5587	37.9	22.0	40.6	0	22.0	-9.3	1	1	7.85	8.25	7.91	0.49	5536	37.1	22.0	40.5	0	22.8	-9.3	1	0	26.7	0	0	782927
 95.4022477	2024	268.0	0.60	0.063	656	40.1	160	22.6	-9.2	0.60	0.67	0.060	5587	37.8	22.0	40.5	0	22.0	-9.3	1	1	7.85	8.27	7.92	0.49	5536	37.3	22.2	40.5	0	22.8	-9.3	1	0	26.7	0	0	783126
 95.4022593	2024	269.0	0.60	0.061	656	40.2	0	22.6	-9.2	0.59	0.67	0.060	5587	37.8	22.0	40.5	0	22.0	-9.3	1	1	7.85	8.26	7.92	0.49	5536	37.2	22.1	40.5	0	22.8	-9.3	1	0	26.7	0	0	783326
 95.4022708	2024	270.0	0.60	0.059	656	40.2	0	22.6	-9.2	0.60	0.67	0.060	5585	37.8	22.0	40.5	0	22.0	-9.3	1	1	7.85	8.26	7.92	0.49	5535	37.0	22.0	40.6	0	22.8	-9.3	1	0	26.7	0	0	783526
 95.4022824	2024	271.0	0.59	0.056	656	40.3	0	22.6	-9.2	0.60	0.67	0.061	5585	37.8	22.0	40.5	0	22.0	-9.3	1	1	7.85	8.26	7.92	0.49	5536	37.1	22.0	40.6	0	22.8	-9.3	1	0	26.7	0	0	783726
 95.4022940	2024	272.0	0.60	0.053	656	40.4	0	22.6	-9.2	0.59	0.67	0.061	5585	37.8	22.0	40.5	0	22.0	-9.3	1	1	7.85	8.25	7.92	0.49	5535	37.0	22.0	40.6	0	22.8	-9.3	1	0	26.7	0	0	783927
 95.4023056	2024	273.0	0.60	0.052	656	40.4	0	22.6	-9.2	0.59	0.67	0.062	5585	37.8	22.0	40.5	0	22.0	-9.3	1	1	7.85	8.24	7.91	0.49	5535	37.1	22.0	40.6	0	22.8	-9.3	1	0	26.7	0	0	784127
 95.4023171	2024	274.0	0.60	0.054	656	40.5	0	22.6	-9.2	0.59	0.67	0.062	5585	37.8	22.0	40.5	0	22.0	-9.3	1	1	7.85	8.25	7.92	0.49	5535	37.4	22.3	40.6	0	22.8	-9.3	1	0	26.7	0	0	784327
 95.4023287	2024	275.0	0.60	0.054	656	40.5	0	22.6	-9.2	0.59	0.67	0.061	5585	37.9	22.0	40.4	0	22.0	-9.3	1	1	7.85	8.25	7.92	0.49	5535	37.1	22.0	40.6	0	22.8	-9.3	1	0	26.7	0	0	784526
 95.4023403	2024	276.0	0.60	0.054	656	40.5	0	22.6	-9.2	0.59	0.66	0.061	5585	37.9	22.0	40.4	0	22.0	-9.3	1	1	7.85	8.24	7.91	0.49	5535	37.1	22.0	40.6	0	22.8	-9.3	1	0	26.7	0	0	784726
 95.4023519	2024	277.0	0.61	0.056	656	40.6	0	22.6	-9.2	0.59	0.66	0.059	5585	37.9	22.0	40.4	0	22.0	-9.3	1	1	7.85	8.24	7.92	0.49	5535	37.1	22.0	40.6	0	22.8	-9.3	1	0	26.7	0	0	784927
 95.4023634	2024	278.0	0.61	0.060	656	40.6	0	22.6	-9.2	0.59	0.66	0.058	5585	37.9	22.0	40.4	0	22.0	-9.3	1	1	7.85	8.23	7.91	0.49	5533	37.0	21.9	40.6	0	22.8	-9.3	1	0	26.7	0	0	785126
 95.4023750	2024	279.0	0.61	0.062	656	40.6	0	22.6	-9.2	0.59	0.67	0.057	5585	37.8	22.0	40.4	0	22.0	-9.3	1	1	7.85	8.25	7.92	0.49	5533	37.2	22.1	40.6	0	22.8	-9.3	1	0	26.7	0	0	785327
 95.4023866	2024	280.0	0.61	0.066	655	40.6	0	22.6	-9.2	0.59	0.67	0.057	5583	37.8	21.9	40.4	0	22.0	-9.3	1	1	7.85	8.23	7.91	0.49	5533	37.2	22.1	40.6	0	22.8	-9.3	1	0	26.7	0	0	785526
 95.4023981	2024	281.0	0.60	0.067	655	40.6	0	22.6	-9.2	0.59	0.67	0.057	5583	37.9	22.0	40.3	0	22.0	-9.3	1	1	7.85	8.23	7.91	0.49	5533	37.0	21.9	40.6	0	22.8	-9.3	1	0	26.7	0	0	785726
 95.4024097	2024	282.0	0.60	0.065	655	40.6	0	22.6	-9.2	0.59	0.67	0.057	5583	37.9	22.0	40.3	0	22.0	-9.3	1	1	7.85	8.23	7.92	0.49	5531	36.9	21.9	40.5	0	22.8	-9.3	1	0	26.7	0	0	785927
 95.4024213	2024	283.0	0.60	0.064	655	40.6	0	22.6	-9.2	0.60	0.67	0.058	5583	37.9	22.0	40.3	0	22.0	-9.3	1	1	7.85	8.23	7.92	0.48	5531	36.9	21.9	40.5	0	22.8	-9.3	1	0	26.7	0	0	786126
 95.4024329	2024	284.0	0.60	0.063	655	40.6	0	22.6	-9.2	0.60	0.67	0.058	5581	37.9	22.0	40.3	0	22.0	-9.3	1	1	7.85	8.22	7.91	0.48	5531	36.9	22.0	40.5	0	22.8	-9.3	1	0	26.7	0	0	786327
 95.4024444	2024	285.0	0.60	0.063	655	40.6	0	22.6	-9.2	0.60	0.68	0.059	5580	37.9	21.9	40.3	0	22.0	-9.3	1	1	7.85	8.22	7.92	0.48	5531	37.1	22.2	40.5	0	22.8	-9.3	1	0	26.7	0	0	786526
 95.4024560	2024	286.0	0.60	0.064	655	40.6	0	22.6	-9.2	0.60	0.67	0.060	5580	37.9	22.0	40.2	0	22.0	-9.3	1	1	7.85	8.21	7.92	0.48	5529	37.0	22.1	40.5	0	22.8	-9.3	1	0	26.7	0	0	786727
 95.4024676	2024	287.0	0.60	0.064	655	40.6	0	22.6	-9.2	0.60	0.67	0.061	5580	37.9	22.0	40.2	0	22.0	-9.3	1	1	7.85	8.21	7.92	0.48	5529	36.8	22.0	40.5	0	22.8	-9.3	1	0	26.7	0	0	786927
 95.4024792	2024	288.0	0.60	0.061	655	40.6	0	22.6	-9.2	0.60	0.67	0.061	5578	37.9	22.0	40.2	0	22.0	-9.3	1	1	7.85	8.19	7.92	0.48	5527	36.8	22.0	40.5	0	22.8	-9.3	1	0	26.7	0	0	787126
 95.4024907	2024	289.0	0.60	0.058	655	40.5	0	22.6	-9.2	0.60	0.68	0.061	5578	37.9	22.0	40.2	0	22.0	-9.3	1	1	7.85	8.20	7.92	0.48	5527	36.8	22.0	40.5	0	22.8	-9.3	1	0	26.7	0	0	787327
 95.4025023	2024	290.0	0.60	0.053	655	40.5	0	22.6	-9.2	0.60	0.68	0.061	5576	37.9	22.0	40.2	0	22.0	-9.3	1	1	7.84	8.18	7.92	0.48	5527	37.0	22.2	40.4	0	22.8	-9.3	1	0	26.7	0	0	787527
 95.4025139	2024	291.0	0.60	0.050	655	40.5	0	22.6	-9.2	0.60	0.68	0.061	5576	37.9	21.9	40.2	0	22.0	-9.3	1	1	7.84	8.18	7.91	0.48	5526	37.0	22.2	40.4	0	22.8	-9.3	1	0	26.7	0	0	787726
 95.4025255	2024	292.0	0.61	0.052	655	40.5	0	22.6	-9.2	0.60	0.68	0.060	5574	37.9	22.0	40.1	160	22.0	-9.3	1	1	7.84	8.17	7.92	0.48	5526	36.8	22.0	40.4	0	22.8	-9.3	1	0	26.7	0	0	787926
 95.4025370	2024	293.0	0.61	0.053	655	40.5	0	22.6	-9.2	0.60	0.68	0.060	5574	37.9	22.0	40.1	160	22.0	-9.3	1	1	7.84	8.18	7.92	0.48	5524	36.8	22.0	40.4	0	22.8	-9.3	1	0	26.7	0	0	788126
 95.4025486	2024	294.0	0.61	0.055	655	40.5	0	22.6	-9.2	0.60	0.68	0.059	5572	38.0	22.0	40.1	160	22.0	-9.3	1	1	7.83	8.14	7.92	0.48	5522	36.7	22.0	40.4	0	22.8	-9.3	1	0	26.7	0	0	788327
 95.4025602	2024	295.0	0.61	0.056	655	40.5	0	22.6	-9.2	0.60	0.68	0.058	5572	38.0	22.0	40.1	160	22.0	-9.3	1	1	7.83	8.15	7.91	0.48	5522	36.7	22.0	40.4	0	22.8	-9.3	1	1	26.7	0	0	788526
 95.4025718	2024	296.0	0.61	0.059	655	40.4	0	22.6	-9.2	0.60	0.68	0.058	5571	37.9	21.9	40.1	160	22.0	-9.3	1	1	7.83	8.16	7.92	0.48	5520	36.9	22.3	40.3	0	22.8	-9.3	1	1	26.7	0	0	788727
 95.4025833	2024	297.0	0.61	0.060	654	40.4	0	22.6	-9.2	0.60	0.68	0.058	5571	38.0	22.0	40.1	160	22.0	-9.3	1	1	7.83	8.15	7.91	0.48	5518	36.6	22.1	40.3	0	22.8	-9.3	1	1	26.7	0	0	788926
 95.4025949	2024	298.0	0.61	0.061	654	40.4	0	22.6	-9.2	0.60	0.68	0.058	5569	38.0	22.0	40.2	0	22.0	-9.3	1	1	7.82	8.14	7.92	0.48	5518	36.5	22.1	40.3	0	22.8	-9.3	1	1	26.7	0	0	789126
 95.4026065	2024	299.0	0.61	0.062	654	40.4	0	22.6	-9.2	0.60	0.68	0.059	5567	38.0	22.0	40.2	0	22.0	-9.3	1	1	7.82	8.13	7.91	0.48	5517	36.4	22.1	40.3	0	22.8	-9.3	1	1	26.7	0	0	789327
 95.4026181	2024	300.0	0.61	0.065	654	40.4	0	22.6	-9.2	0.60	0.68	0.059	5565	38.0	22.0	40.3	0	22.0	-9.3	1	1	7.81	8.10	7.91	0.48	5517	36.4	22.1	40.3	0	22.8	-9.3	1	1	26.7	0	0	789526
 95.4026296	2024	301.0	0.61	0.066	654	40.4	0	22.6	-9.2	0.60	0.68	0.059	5565	38.1	22.0	40.3	0	22.0	-9.3	1	1	7.81	8.11	7.92	0.48	5515	36.5	22.2	40.3	0	22.8	-9.3	1	1	26.7	0	0	789727
 95.4026412	2024	302.0	0.61	0.066	654	40.3	0	22.6	-9.2	0.60	0.68	0.060	5563	38.1	22.0	40.4	0	22.0	-9.3	1	1	7.81	8.10	7.91	0.48	5513	36.7	22.3	40.3	0	22.8	-9.3	1	1	26.7	0	0	789926
 95.4026528	2024	303.0	0.61	0.066	653	40.3	0	22.6	-9.2	0.60	0.68	0.061	5562	38.1	22.0	40.4	0	22.0	-9.3	1	1	7.81	8.09	7.92	0.48	5511	36.4	22.1	40.2	0	22.8	-9.3	1	1	26.7	0	0	790126
 95.4026644	2024	304.0	0.61	0.065	654	40.3	0	22.6	-9.2	0.60	0.68	0.061	5560	38.1	22.0	40.5	0	22.0	-9.3	1	1	7.80	8.09	7.91	0.48	5511	36.4	22.1	40.2	0	22.8	-9.3	1	1	26.7	0	0	790327
 95.4026759	2024	305.0	0.61	0.064	653	40.3	0	22.6	-9.2	0.60	0.68	0.062	5558	38.1	22.0	40.5	0	22.0	-9.3	1	1	7.80	8.09	7.92	0.48	5509	36.4	22.1	40.2	0	22.8	-9.3	1	1	26.7	0	0	790527
 95.4026875	2024	306.0	0.61	0.064	653	40.3	0	22.6	-9.2	0.60	0.68	0.063	5558	38.1	22.0	40.6	0	22.0	-9.3	1	1	7.80	8.07	7.91	0.48	5509	36.4	22.1	40.2	0	22.8	-9.3	1	1	26.7	0	0	790726
 95.4026991	2024	307.0	0.61	0.064	653	40.3	0	22.6	-9.2	0.60	0.68	0.063	5556	38.1	22.0	40.6	0	22.0	-9.3	1	1	7.79	8.08	7.91	0.48	5508	36.6	22.3	40.2	0	22.8	-9.3	1	1	26.7	0	0	790926
 95.4027106	2024	308.0	0.61	0.062	653	40.2	0	22.6	-9.2	0.60	0.68	0.063	5556	38.2	22.0	40.6	0	22.0	-9.3	1	1	7.78	8.07	7.91	0.48	5508	36.4	22.1	40.2	0	22.8	-9.3	1	1	26.7	0	0	791126
 95.4027222	2024	309.0	0.61	0.061	653	40.2	0	22.6	-9.2	0.59	0.67	0.062	5554	38.2	22.0	40.6	0	22.0	-9.3	1	1	7.77	8.07	7.91	0.48	5506	36.4	22.0	40.1	160	22.8	-9.3	1	1	26.7	0	0	791326
 95.4027338	2024	310.0	0.61	0.061	653	40.2	0	22.6	-9.2	0.60	0.67	0.062	5554	38.2	22.0	40.6	0	22.0	-9.3	1	1	7.78	8.07	7.91	0.48	5504	36.3	22.0	40.1	160	22.8	-9.3	1	1	26.7	0	0	791527
 95.4027454	2024	311.0	0.61	0.060	653	40.2	0	22.6	-9.2	0.59	0.67	0.061	5554	38.3	22.0	40.6	0	22.0	-9.3	1	1	7.78	8.06	7.92	0.48	5504	36.3	22.0	40.1	160	22.8	-9.3	1	1	26.7	0	0	791726
 95.4027569	2024	312.0	0.61	0.060	653	40.2	0	22.6	-9.2	0.59	0.67	0.060	5553	38.3	22.0	40.6	0	22.0	-9.3	1	1	7.77	8.05	7.91	0.48	5502	36.2	22.1	40.1	160	22.8	-9.3	1	1	26.7	0	0	791926
 95.4027685	2024	313.0	0.61	0.060	653	40.1	160	22.6	-9.2	0.59	0.67	0.060	5553	38.3	22.0	40.6	0	22.0	-9.3	1	1	7.77	8.04	7.91	0.48	5502	36.4	22.3	40.1	160	22.8	-9.3	1	1	26.7	0	0	792126
 95.4027801	2024	314.0	0.61	0.060	653	40.1	160	22.6	-9.2	0.59	0.67	0.060	5553	38.3	22.0	40.6	0	22.0	-9.3	1	1	7.77	8.03	7.91	0.48	5502	36.0	22.0	40.1	160	22.8	-9.3	1	1	26.7	0	0	792326
 95.4027917	2024	315.0	0.61	0.060	653	40.1	160	22.6	-9.2	0.59	0.67	0.060	5553	38.3	22.0	40.6	0	22.0	-9.3	1	1	7.77	8.03	7.91	0.48	5500	36.1	22.0	40.1	160	22.8	-9.3	1	1	26.7	0	0	792527
 95.4028032	2024	316.0	0.60	0.058	653	40.1	160	22.6	-9.2	0.59	0.67	0.059	5551	38.3	22.0	40.6	0	22.0	-9.3	1	1	7.75	8.04	7.92	0.48	5500	36.0	22.0	40.2	0	22.8	-9.3	1	1	26.7	0	0	792726
 95.4028148	2024	317.0	0.60	0.053	653	40.1	160	22.6	-9.2	0.59	0.67	0.059	5551	38.3	22.0	40.6	0	22.0	-9.3	1	1	7.76	8.03	7.92	0.48	5500	36.1	22.0	40.2	0	22.8	-9.3	1	1	26.7	0	0	792926
 95.4028264	2024	318.0	0.60	0.051	653	40.1	160	22.6	-9.2	0.59	0.67	0.059	5551	38.3	22.0	40.6	0	22.0	-9.3	1	1	7.75	8.03	7.91	0.48	5500	36.3	22.2	40.3	0	22.8	-9.3	1	1	26.7	0	0	793126
 95.4028380	2024	319.0	0.61	0.051	653	40.1	160	22.6	-9.2	0.60	0.67	0.060	5549	38.3	22.0	40.5	0	22.0	-9.3	1	1	7.75	8.03	7.90	0.48	5500	36.3	22.2	40.4	0	22.8	-9.3	1	1	26.7	0	0	793327
 95.4028495	2024	320.0	0.53	0.048	655	40.2	0	22.6	-9.2	0.58	0.52	0.100	5572	38.3	22.0	40.5	0	22.0	-9.3	1	1	7.68	7.87	7.32	0.51	5562	36.2	22.0	40.4	0	22.8	-9.3	1	1	26.7	0	0	793527
 95.4028611	2024	321.0	0.24	0.035	666	40.2	0	22.6	-9.2	0.37	0.01	0.250	5657	38.3	22.0	40.5	0	22.0	-9.3	1	1	6.16	5.90	4.04	0.59	5803	36.2	22.0	40.5	0	22.8	-9.3	1	1	26.7	0	0	793726
 95.4028727	2024	322.0	-0.12	0.112	688	40.3	0	22.6	-9.2	0.22	-0.37	0.499	5787	38.3	22.0	40.5	0	22.0	-9.3	1	1	5.60	5.18	2.83	0.71	6035	36.2	22.0	40.5	0	22.8	-9.3	1	1	26.7	0	0	793926
 95.4028843	2024	323.0	-0.02	0.079	706	40.4	0	22.6	-9.2	0.20	-0.37	0.571	5880	38.3	22.0	40.5	0	22.0	-9.3	1	1	5.87	5.73	3.56	0.63	6121	36.3	22.1	40.6	0	22.8	-9.3	1	1	26.7	0	0	794126
 95.4028958	2024	324.0	0.16	-0.037	715	40.4	0	22.6	-9.2	0.18	-0.32	0.528	5958	38.3	22.0	40.5	0	22.0	-9.3	1	1	5.70	5.78	3.83	0.35	6159	36.2	22.0	40.6	0	22.8	-9.3	1	0	26.7	0	0	794327
 95.4029074	2024	325.0	0.26	-0.055	720	40.5	0	22.6	-9.2	0.17	-0.24	0.453	6017	38.3	22.0	40.5	0	22.0	-9.3	1	1	5.60	5.79	3.97	0.20	6163	36.3	22.1	40.6	0	22.8	-9.3	1	0	26.7	0	0	794526
 95.4029190	2024	326.0	0.33	-0.055	720	40.5	0	22.6	-9.2	0.18	-0.14	0.325	6062	38.3	22.0	40.4	0	22.0	-9.3	1	1	5.36	5.63	3.94	0.09	6147	36.7	22.3	40.6	0	22.8	-9.3	1	0	26.7	0	0	794727
 95.4029306	2024	327.0	0.39	-0.055	717	40.5	0	22.6	-9.2	0.19	-0.03	0.180	6096	38.3	22.0	40.4	0	22.0	-9.3	1	1	5.10	5.42	3.87	0.04	6120	36.6	22.0	40.6	0	22.8	-9.3	1	0	26.7	0	0	794927
