#DASH Flow Data
#--------------------------------------------------------
#BMI DASH SN:   0
#BMI SEMS SN:   0
#--------------------------------------------------------
#DOY.Frac	YYYY	Secs	DO_Sh	DO_Smp	DO_Press	DO_Ht_T	DO_Ht_Pwr	DO_Fl_T	DO_X_T	HO_Sh_D_Fl	HO_Sh	HO_Smp	HO_Press	HO_RH	HO_T	HO_Ht_T	HO_Ht_Pwr	HO_Fl_T	HO_X_T	HO_DP_Cl	HO_DP_Lk	HM_Sh_D_Fl	HM_Sh	HM_Xs	HM_Smp_Xs	HM_Press	HM_RH	HM_T	HM_Ht_T	HM_Ht_Pwr	HM_Fl_T	HM_X_T	HM_DP_Cl	HM_DP_Lk	H2O_T	H2O_Pwr	H2O_Lvl	H2O_Cnt
 95.3818484	2024	0.2	0.61	0.060	652	40.4	0	20.7	-9.2	0.12	0.64	0.061	5544	86.8	20.1	40.1	160	20.2	-9.3	1	1	2.81	8.01	7.94	0.49	5495	78.1	19.7	40.1	160	20.9	-9.3	1	0	23.4	0	0	430626
 95.3818600	2024	1.2	0.61	0.060	652	40.4	0	20.7	-9.2	0.12	0.64	0.062	5544	86.7	20.2	40.1	160	20.2	-9.3	1	1	2.81	8.01	7.94	0.49	5493	77.7	19.7	40.2	0	20.9	-9.3	1	0	23.4	0	0	430826
 95.3818715	2024	2.2	0.61	0.061	652	40.4	0	20.7	-9.2	0.12	0.64	0.062	5544	86.6	20.1	40.1	160	20.2	-9.3	1	1	2.80	8.02	7.93	0.49	5495	77.6	19.7	40.2	0	20.9	-9.3	1	0	23.4	0	0	431027
 95.3818831	2024	3.2	0.61	0.061	652	40.4	0	20.7	-9.2	0.12	0.63	0.062	5545	86.5	20.1	40.1	160	20.2	-9.3	1	1	2.81	8.03	7.93	0.49	5495	77.6	19.7	40.3	0	20.9	-9.3	1	0	23.4	0	0	431226
 95.3818947	2024	4.2	0.61	0.060	652	40.4	0	20.7	-9.2	0.12	0.64	0.061	5544	86.4	20.2	40.1	160	20.2	-9.3	1	1	2.81	8.02	7.94	0.49	5495	77.6	19.7	40.4	0	20.9	-9.3	1	0	23.4	0	0	431426
 95.3819062	2024	5.2	0.61	0.059	652	40.3	0	20.7	-9.2	0.13	0.63	0.061	5545	86.4	20.2	40.2	0	20.2	-9.3	1	1	2.81	8.02	7.94	0.49	5493	77.8	19.7	40.4	0	20.9	-9.3	1	0	23.5	0	0	431626
 95.3819178	2024	6.2	0.61	0.059	652	40.3	0	20.7	-9.2	0.12	0.63	0.059	5545	86.4	20.2	40.2	0	20.2	-9.3	1	1	2.81	8.00	7.94	0.49	5493	78.1	19.7	40.5	0	20.9	-9.3	1	0	23.5	0	0	431827
 95.3819294	2024	7.2	0.61	0.060	652	40.3	0	20.7	-9.2	0.13	0.64	0.058	5545	86.4	20.2	40.3	0	20.3	-9.3	1	1	2.81	8.02	7.94	0.49	5493	78.6	19.7	40.5	0	20.9	-9.3	1	0	23.5	0	0	432027
 95.3819410	2024	8.2	0.61	0.060	652	40.3	0	20.7	-9.2	0.13	0.64	0.058	5545	86.3	20.1	40.3	0	20.3	-9.3	1	1	2.81	8.01	7.94	0.49	5493	79.1	19.8	40.5	0	20.9	-9.3	1	0	23.5	0	0	432226
 95.3819525	2024	9.2	0.61	0.060	652	40.3	0	20.7	-9.2	0.13	0.64	0.057	5545	86.3	20.1	40.4	0	20.3	-9.3	1	1	2.81	8.01	7.94	0.49	5493	79.9	20.0	40.6	0	20.9	-9.3	1	0	23.5	0	0	432427
 95.3819641	2024	10.2	0.61	0.060	652	40.2	0	20.7	-9.2	0.13	0.64	0.057	5545	86.3	20.2	40.5	0	20.3	-9.3	1	1	2.81	8.00	7.94	0.49	5493	79.9	19.7	40.6	0	20.9	-9.3	1	0	23.5	0	0	432627
 95.3819757	2024	11.2	0.61	0.060	652	40.2	0	20.8	-9.2	0.13	0.64	0.057	5545	86.3	20.2	40.5	0	20.3	-9.3	1	1	2.82	8.00	7.94	0.49	5493	79.9	19.8	40.6	0	20.9	-9.3	1	0	23.5	0	0	432827
 95.3819873	2024	12.2	0.61	0.060	652	40.2	0	20.8	-9.2	0.13	0.64	0.058	5545	86.2	20.2	40.5	0	20.3	-9.3	1	1	2.81	8.01	7.94	0.49	5493	79.8	19.8	40.6	0	20.9	-9.3	1	0	23.5	0	0	433026
 95.3819988	2024	13.2	0.61	0.060	652	40.2	0	20.8	-9.2	0.13	0.65	0.057	5545	86.1	20.2	40.6	0	20.3	-9.3	1	1	2.82	8.02	7.94	0.49	5493	79.4	19.8	40.6	0	20.9	-9.3	1	0	23.5	0	0	433227
 95.3820104	2024	14.2	0.61	0.060	652	40.2	0	20.8	-9.2	0.14	0.65	0.058	5545	85.9	20.2	40.6	0	20.3	-9.3	1	1	2.81	8.02	7.94	0.49	5493	78.7	19.8	40.6	0	20.9	-9.3	1	0	23.5	0	0	433426
 95.3820220	2024	15.2	0.61	0.059	652	40.1	160	20.8	-9.2	0.14	0.65	0.060	5544	85.8	20.2	40.6	0	20.3	-9.3	1	1	2.81	8.02	7.94	0.49	5493	78.3	19.8	40.6	0	20.9	-9.3	1	0	23.6	0	0	433626
 95.3820336	2024	16.2	0.61	0.060	652	40.1	160	20.8	-9.2	0.13	0.65	0.060	5544	85.7	20.2	40.6	0	20.3	-9.3	1	1	2.81	8.02	7.94	0.49	5493	77.8	19.8	40.6	0	20.9	-9.3	1	0	23.6	0	0	433826
 95.3820451	2024	17.2	0.61	0.060	652	40.1	160	20.8	-9.2	0.14	0.65	0.060	5544	85.7	20.2	40.6	0	20.3	-9.3	1	1	2.81	8.01	7.94	0.49	5493	77.6	19.8	40.6	0	20.9	-9.3	1	0	23.6	0	0	434027
 95.3820567	2024	18.2	0.61	0.060	652	40.1	160	20.8	-9.2	0.13	0.65	0.061	5544	85.7	20.2	40.6	0	20.3	-9.3	1	1	2.81	8.02	7.94	0.49	5493	77.7	19.8	40.6	0	20.9	-9.3	1	0	23.6	0	0	434226
 95.3820683	2024	19.2	0.61	0.060	652	40.1	160	20.8	-9.2	0.14	0.65	0.060	5544	85.7	20.2	40.6	0	20.3	-9.3	1	1	2.81	8.01	7.94	0.49	5493	77.6	19.8	40.6	0	20.9	-9.3	1	0	23.6	0	0	434426
 95.3820799	2024	20.2	0.61	0.060	652	40.1	160	20.8	-9.2	0.14	0.65	0.061	5544	85.5	20.2	40.6	0	20.3	-9.3	1	1	2.81	8.03	7.94	0.49	5493	77.8	19.8	40.5	0	20.9	-9.3	1	0	23.6	0	0	434626
 95.3820914	2024	21.2	0.61	0.060	652	40.1	160	20.8	-9.2	0.14	0.65	0.062	5542	85.4	20.2	40.6	0	20.3	-9.3	1	1	2.81	8.01	7.94	0.49	5493	78.0	19.8	40.5	0	20.9	-9.3	1	0	23.6	0	0	434827
 95.3821030	2024	22.2	0.61	0.060	652	40.2	0	20.8	-9.2	0.14	0.64	0.061	5544	85.2	20.2	40.6	0	20.3	-9.3	1	1	2.81	8.01	7.94	0.49	5493	78.4	19.8	40.5	0	20.9	-9.3	1	0	23.6	0	0	435026
 95.3821146	2024	23.2	0.61	0.060	652	40.2	0	20.8	-9.2	0.14	0.64	0.060	5544	85.1	20.2	40.6	0	20.3	-9.3	1	1	2.81	8.01	7.94	0.49	5493	78.8	19.9	40.5	0	20.9	-9.3	1	0	23.6	0	0	435226
 95.3821262	2024	24.2	0.61	0.061	652	40.3	0	20.8	-9.2	0.14	0.64	0.059	5544	84.9	20.2	40.6	0	20.3	-9.3	1	1	2.81	7.99	7.94	0.49	5493	79.4	20.1	40.5	0	20.9	-9.3	1	0	23.6	0	0	435427
 95.3821377	2024	25.2	0.61	0.061	652	40.3	0	20.8	-9.2	0.14	0.64	0.059	5544	84.9	20.2	40.5	0	20.3	-9.3	1	1	2.81	8.01	7.94	0.49	5493	79.6	19.8	40.5	0	20.9	-9.3	1	0	23.6	0	0	435626
 95.3821493	2024	26.2	0.61	0.061	652	40.4	0	20.8	-9.2	0.15	0.64	0.059	5544	84.9	20.2	40.5	0	20.3	-9.3	1	1	2.80	8.02	7.94	0.49	5493	79.6	19.8	40.5	0	20.9	-9.3	1	0	23.7	0	0	435827
 95.3821609	2024	27.2	0.61	0.060	652	40.5	0	20.8	-9.2	0.15	0.65	0.059	5544	84.9	20.2	40.5	0	20.3	-9.3	1	1	2.81	8.01	7.94	0.49	5493	79.6	19.8	40.4	0	20.9	-9.3	1	0	23.7	0	0	436026
 95.3821725	2024	28.2	0.61	0.060	652	40.5	0	20.8	-9.2	0.15	0.65	0.059	5544	84.9	20.2	40.5	0	20.3	-9.3	1	1	2.81	8.02	7.94	0.49	5493	79.5	19.8	40.4	0	20.9	-9.3	1	0	23.7	0	0	436227
 95.3821840	2024	29.2	0.61	0.060	652	40.5	0	20.8	-9.2	0.15	0.65	0.059	5544	84.7	20.2	40.5	0	20.3	-9.3	1	1	2.80	8.01	7.94	0.49	5493	78.9	19.8	40.4	0	20.9	-9.3	1	0	23.7	0	0	436426
 95.3821956	2024	30.2	0.61	0.060	652	40.5	0	20.8	-9.2	0.15	0.65	0.060	5544	84.6	20.2	40.5	0	20.3	-9.3	1	1	2.81	8.02	7.94	0.49	5493	78.4	19.8	40.4	0	20.9	-9.3	1	0	23.7	0	0	436627
 95.3822072	2024	31.2	0.61	0.060	652	40.5	0	20.8	-9.2	0.15	0.65	0.060	5544	84.5	20.2	40.5	0	20.3	-9.3	1	1	2.81	8.01	7.94	0.49	5493	77.9	19.8	40.4	0	20.9	-9.3	1	0	23.7	0	0	436826
 95.3822187	2024	32.2	0.61	0.060	652	40.6	0	20.8	-9.2	0.15	0.65	0.060	5544	84.3	20.2	40.4	0	20.3	-9.3	1	1	2.80	8.01	7.94	0.49	5493	77.7	19.8	40.3	0	20.9	-9.3	1	0	23.7	0	0	437026
 95.3822303	2024	33.2	0.61	0.060	652	40.6	0	20.8	-9.2	0.15	0.65	0.060	5544	84.2	20.2	40.4	0	20.3	-9.3	1	1	2.81	8.01	7.94	0.49	5493	77.6	19.8	40.3	0	20.9	-9.3	1	0	23.7	0	0	437227
 95.3822419	2024	34.2	0.61	0.060	652	40.6	0	20.8	-9.2	0.15	0.65	0.060	5542	84.2	20.2	40.4	0	20.3	-9.3	1	1	2.80	8.01	7.94	0.49	5493	77.7	19.8	40.3	0	20.9	-9.3	1	0	23.7	0	0	437426
 95.3822535	2024	35.2	0.61	0.061	652	40.6	0	20.8	-9.2	0.15	0.65	0.060	5542	84.1	20.2	40.4	0	20.3	-9.3	1	1	2.80	8.00	7.94	0.49	5493	78.0	19.8	40.3	0	20.9	-9.3	1	0	23.7	0	0	437626
 95.3822650	2024	36.2	0.61	0.061	652	40.6	0	20.8	-9.2	0.16	0.65	0.061	5542	84.0	20.2	40.4	0	20.3	-9.3	1	1	2.80	8.01	7.94	0.49	5493	78.2	19.8	40.3	0	20.9	-9.3	1	0	23.7	0	0	437827
 95.3822766	2024	37.2	0.61	0.060	652	40.5	0	20.8	-9.2	0.16	0.65	0.061	5542	83.9	20.2	40.3	0	20.3	-9.3	1	1	2.81	8.01	7.94	0.49	5493	78.5	19.8	40.3	0	20.9	-9.3	1	0	23.8	0	0	438026
 95.3822882	2024	38.3	0.61	0.059	652	40.5	0	20.8	-9.2	0.16	0.65	0.061	5542	83.7	20.2	40.3	0	20.3	-9.3	1	1	2.80	8.02	7.94	0.49	5493	79.2	20.0	40.2	0	20.9	-9.3	1	0	23.8	0	0	438227
 95.3822998	2024	39.3	0.61	0.060	652	40.5	0	20.8	-9.2	0.16	0.65	0.062	5542	83.6	20.2	40.3	0	20.3	-9.3	1	1	2.81	8.01	7.94	0.49	5493	79.5	19.9	40.2	0	20.9	-9.3	1	0	23.8	0	0	438426
 95.3823113	2024	40.3	0.61	0.059	652	40.5	0	20.8	-9.2	0.16	0.64	0.061	5542	83.5	20.2	40.3	0	20.3	-9.3	1	1	2.81	8.01	7.94	0.49	5493	79.6	19.8	40.2	0	20.9	-9.3	1	0	23.8	0	0	438626
 95.3823229	2024	41.3	0.61	0.057	652	40.5	0	20.8	-9.2	0.16	0.64	0.058	5544	83.5	20.2	40.3	0	20.3	-9.3	1	1	2.78	8.00	7.94	0.49	5491	79.6	19.9	40.2	0	20.9	-9.3	1	0	23.8	0	0	438827
 95.3823345	2024	42.3	0.61	0.057	652	40.5	0	20.8	-9.2	0.16	0.65	0.055	5542	83.4	20.2	40.2	0	20.3	-9.3	1	1	2.77	7.97	7.94	0.49	5490	79.4	19.9	40.2	0	20.9	-9.3	1	0	23.8	0	0	439026
 95.3823461	2024	43.3	0.61	0.057	652	40.5	0	20.8	-9.2	0.16	0.65	0.055	5542	83.3	20.2	40.2	0	20.3	-9.3	1	1	2.77	7.98	7.95	0.49	5490	79.4	19.9	40.1	160	20.9	-9.3	1	0	23.8	0	0	439226
 95.3823576	2024	44.3	0.61	0.058	651	40.5	0	20.8	-9.2	0.16	0.65	0.054	5540	83.2	20.2	40.2	0	20.3	-9.3	1	1	2.77	7.98	7.93	0.49	5488	79.0	19.8	40.1	160	21.0	-9.3	1	0	23.8	0	0	439426
 95.3823692	2024	45.3	0.61	0.059	651	40.4	0	20.8	-9.2	0.16	0.66	0.056	5540	83.1	20.2	40.2	0	20.3	-9.3	1	1	2.77	7.97	7.94	0.49	5488	78.9	19.8	40.1	160	21.0	-9.3	1	0	23.8	0	0	439627
 95.3823808	2024	46.3	0.61	0.060	651	40.4	0	20.8	-9.2	0.16	0.65	0.058	5538	83.0	20.2	40.2	0	20.3	-9.3	1	1	2.77	7.97	7.93	0.49	5488	78.8	19.8	40.1	160	21.0	-9.3	1	0	23.8	0	0	439826
 95.3823924	2024	47.3	0.61	0.061	651	40.4	0	20.8	-9.2	0.17	0.65	0.060	5538	83.0	20.2	40.1	160	20.3	-9.3	1	1	2.77	7.96	7.94	0.49	5488	78.6	19.8	40.1	160	21.0	-9.3	1	0	23.8	0	0	440026
 95.3824039	2024	48.3	0.61	0.061	651	40.4	0	20.8	-9.2	0.17	0.65	0.062	5536	83.0	20.2	40.1	160	20.3	-9.3	1	1	2.77	7.99	7.94	0.49	5488	78.7	19.8	40.1	160	20.9	-9.3	1	0	23.9	0	0	440226
 95.3824155	2024	49.3	0.61	0.061	651	40.4	0	20.8	-9.2	0.17	0.65	0.063	5536	82.8	20.2	40.1	160	20.3	-9.3	1	1	2.77	7.98	7.94	0.49	5488	78.7	19.8	40.1	160	20.9	-9.3	1	0	23.9	0	0	440426
 95.3824271	2024	50.3	0.61	0.060	651	40.3	0	20.8	-9.2	0.17	0.65	0.064	5536	82.7	20.2	40.1	160	20.3	-9.3	1	1	2.77	7.99	7.94	0.49	5488	78.9	19.8	40.2	0	20.9	-9.3	1	0	23.9	0	0	440627
 95.3824387	2024	51.3	0.61	0.060	651	40.3	0	20.8	-9.2	0.16	0.65	0.064	5535	82.6	20.2	40.1	160	20.3	-9.3	1	1	2.77	7.98	7.94	0.49	5486	79.2	19.8	40.2	0	20.9	-9.3	1	0	23.9	0	0	440827
 95.3824502	2024	52.3	0.61	0.060	651	40.3	0	20.8	-9.2	0.17	0.64	0.064	5535	82.5	20.2	40.1	160	20.3	-9.3	1	1	2.77	7.98	7.94	0.49	5488	79.7	20.0	40.3	0	20.9	-9.3	1	0	23.9	0	0	441026
 95.3824618	2024	53.3	0.61	0.060	651	40.3	0	20.8	-9.2	0.17	0.64	0.064	5535	82.4	20.2	40.1	160	20.3	-9.3	1	1	2.77	7.97	7.94	0.49	5488	80.2	20.0	40.4	0	20.9	-9.3	1	0	23.9	0	0	441226
 95.3824745	2024	54.3	0.61	0.060	651	40.3	0	20.8	-9.2	0.16	0.64	0.064	5536	82.4	20.2	40.2	0	20.3	-9.3	1	1	2.77	7.98	7.94	0.49	5488	80.3	19.8	40.4	0	21.0	-9.3	1	0	23.9	0	0	441427
 95.3824861	2024	55.3	0.61	0.060	651	40.3	0	20.8	-9.2	0.17	0.64	0.062	5536	82.3	20.2	40.2	0	20.3	-9.3	1	1	2.77	7.98	7.93	0.49	5486	80.4	19.8	40.5	0	21.0	-9.3	1	0	23.9	0	0	441626
 95.3824977	2024	56.3	0.61	0.060	651	40.2	0	20.8	-9.2	0.17	0.63	0.061	5536	82.2	20.2	40.3	0	20.3	-9.3	1	1	2.77	7.98	7.94	0.49	5486	80.3	19.8	40.5	0	21.0	-9.3	1	0	23.9	0	0	441826
 95.3825093	2024	57.3	0.61	0.060	651	40.2	0	20.8	-9.2	0.17	0.63	0.060	5538	82.0	20.2	40.3	0	20.3	-9.3	1	1	2.77	7.97	7.94	0.49	5486	79.8	19.8	40.5	0	21.0	-9.3	1	0	23.9	0	0	442026
 95.3825208	2024	58.3	0.61	0.060	651	40.2	0	20.8	-9.2	0.17	0.64	0.059	5538	81.9	20.2	40.4	0	20.3	-9.3	1	1	2.76	7.98	7.94	0.49	5488	79.1	19.9	40.6	0	21.0	-9.3	1	0	23.9	0	0	442226
 95.3825324	2024	59.3	0.61	0.060	651	40.2	0	20.8	-9.2	0.17	0.64	0.059	5538	81.8	20.2	40.5	0	20.3	-9.3	1	1	2.77	7.98	7.94	0.49	5488	78.6	19.9	40.6	0	21.0	-9.3	1	0	23.9	0	0	442426
 95.3825440	2024	60.3	0.61	0.060	651	40.2	0	20.8	-9.2	0.17	0.64	0.059	5538	81.7	20.2	40.5	0	20.3	-9.3	1	1	2.77	7.97	7.93	0.49	5488	78.2	19.9	40.6	0	21.0	-9.3	1	0	24.0	0	0	442627
 95.3825556	2024	61.3	0.61	0.059	651	40.1	160	20.8	-9.2	0.17	0.64	0.059	5538	81.7	20.2	40.5	0	20.3	-9.3	1	1	2.76	7.98	7.93	0.49	5488	78.0	19.9	40.6	0	21.0	-9.3	1	0	24.0	0	0	442826
 95.3825671	2024	62.3	0.61	0.059	651	40.1	160	20.8	-9.2	0.17	0.64	0.059	5538	81.7	20.2	40.6	0	20.3	-9.3	1	1	2.77	7.97	7.93	0.49	5488	78.1	19.9	40.6	0	21.0	-9.3	1	0	24.0	0	0	443027
 95.3825787	2024	63.3	0.61	0.059	651	40.1	160	20.8	-9.2	0.17	0.64	0.060	5538	81.6	20.2	40.6	0	20.3	-9.3	1	1	2.77	7.97	7.93	0.49	5488	78.1	19.9	40.6	0	21.0	-9.3	1	0	24.0	0	0	443227
 95.3825903	2024	64.3	0.61	0.059	651	40.1	160	20.8	-9.2	0.18	0.64	0.059	5538	81.5	20.3	40.6	0	20.3	-9.3	1	1	2.77	7.97	7.93	0.49	5488	78.4	19.9	40.6	0	21.0	-9.3	1	0	24.0	0	0	443426
 95.3826019	2024	65.3	0.61	0.060	651	40.1	160	20.8	-9.2	0.18	0.64	0.060	5536	81.3	20.3	40.6	0	20.3	-9.3	1	1	2.77	7.98	7.93	0.49	5488	78.7	19.9	40.6	0	21.0	-9.3	1	0	24.0	0	0	443626
 95.3826134	2024	66.3	0.61	0.060	651	40.1	160	20.8	-9.2	0.18	0.64	0.060	5536	81.2	20.2	40.6	0	20.3	-9.3	1	1	2.77	7.97	7.93	0.49	5488	79.1	20.0	40.6	0	21.0	-9.3	1	0	24.0	0	0	443827
 95.3826250	2024	67.3	0.61	0.057	651	40.2	0	20.8	-9.2	0.18	0.65	0.057	5536	81.1	20.3	40.6	0	20.3	-9.3	1	1	2.73	7.94	7.94	0.49	5484	79.6	20.0	40.6	0	21.0	-9.3	1	0	24.0	0	0	444026
 95.3826366	2024	68.3	0.61	0.056	651	40.2	0	20.8	-9.2	0.18	0.65	0.055	5535	80.9	20.3	40.6	0	20.3	-9.3	1	1	2.71	7.94	7.94	0.49	5482	79.7	19.9	40.6	0	21.0	-9.3	1	0	24.0	0	0	444226
 95.3826481	2024	69.3	0.61	0.057	651	40.3	0	20.8	-9.2	0.18	0.65	0.056	5533	80.8	20.3	40.6	0	20.3	-9.3	1	1	2.72	7.95	7.94	0.49	5482	79.7	19.8	40.5	0	21.0	-9.3	1	0	24.0	0	0	444426
 95.3826597	2024	70.3	0.61	0.058	651	40.3	0	20.8	-9.2	0.18	0.65	0.058	5531	80.7	20.3	40.6	0	20.3	-9.3	1	1	2.71	7.94	7.94	0.49	5481	79.5	19.8	40.5	0	21.0	-9.3	1	0	24.0	0	0	444626
 95.3826713	2024	71.3	0.61	0.058	651	40.4	0	20.8	-9.2	0.18	0.65	0.060	5531	80.7	20.3	40.6	0	20.3	-9.3	1	1	2.71	7.95	7.94	0.49	5481	79.4	19.9	40.5	0	21.0	-9.3	1	0	24.0	0	0	444826
 95.3826829	2024	72.3	0.61	0.060	651	40.4	0	20.8	-9.2	0.18	0.65	0.063	5529	80.6	20.3	40.6	0	20.3	-9.3	1	1	2.71	7.95	7.94	0.49	5481	78.9	19.9	40.5	0	21.0	-9.3	1	0	24.1	0	0	445027
 95.3826944	2024	73.3	0.61	0.061	651	40.5	0	20.8	-9.2	0.18	0.65	0.066	5527	80.5	20.3	40.6	0	20.3	-9.3	1	1	2.71	7.94	7.93	0.49	5481	78.5	19.9	40.5	0	21.0	-9.3	1	0	24.1	0	0	445226
 95.3827060	2024	74.3	0.61	0.062	651	40.5	0	20.8	-9.2	0.18	0.64	0.068	5527	80.4	20.3	40.6	0	20.3	-9.3	1	1	2.70	7.96	7.92	0.49	5481	78.3	19.9	40.5	0	21.0	-9.3	1	0	24.1	0	0	445427
 95.3827176	2024	75.3	0.61	0.063	651	40.5	0	20.8	-9.2	0.18	0.63	0.069	5527	80.4	20.3	40.5	0	20.3	-9.3	1	1	2.70	7.96	7.93	0.49	5481	78.1	19.9	40.5	0	21.0	-9.3	1	0	24.1	0	0	445626
 95.3827292	2024	76.3	0.61	0.062	651	40.5	0	20.8	-9.2	0.18	0.63	0.068	5529	80.4	20.3	40.5	0	20.3	-9.3	1	1	2.70	7.95	7.94	0.49	5481	78.2	19.9	40.4	0	21.0	-9.3	1	0	24.1	0	0	445826
 95.3827407	2024	77.3	0.61	0.061	651	40.6	0	20.8	-9.2	0.18	0.63	0.066	5529	80.2	20.3	40.5	0	20.3	-9.3	1	1	2.70	7.95	7.93	0.49	5482	78.2	19.9	40.4	0	21.0	-9.3	1	0	24.1	0	0	446026
 95.3827523	2024	78.3	0.61	0.061	651	40.6	0	20.8	-9.2	0.18	0.62	0.065	5531	80.0	20.3	40.5	0	20.3	-9.3	1	1	2.70	7.95	7.93	0.49	5482	78.4	19.9	40.4	0	21.0	-9.3	1	0	24.1	0	0	446226
 95.3827639	2024	79.3	0.61	0.062	651	40.6	0	20.8	-9.2	0.18	0.62	0.064	5533	79.9	20.3	40.5	0	20.3	-9.3	1	1	2.70	7.95	7.93	0.50	5482	78.7	19.9	40.4	0	21.0	-9.3	1	0	24.1	0	0	446426
 95.3827755	2024	80.3	0.61	0.062	651	40.6	0	20.8	-9.2	0.18	0.62	0.063	5533	79.7	20.3	40.5	0	20.3	-9.3	1	1	2.70	7.96	7.93	0.50	5484	79.1	19.9	40.4	0	21.0	-9.3	1	0	24.1	0	0	446627
 95.3827870	2024	81.3	0.61	0.062	651	40.6	0	20.8	-9.2	0.18	0.62	0.062	5535	79.7	20.3	40.4	0	20.3	-9.3	1	1	2.70	7.96	7.94	0.50	5484	79.6	20.0	40.4	0	21.0	-9.3	1	0	24.1	0	0	446826
 95.3827986	2024	82.3	0.61	0.061	651	40.6	0	20.8	-9.2	0.18	0.61	0.060	5536	79.7	20.3	40.4	0	20.3	-9.3	1	1	2.70	7.96	7.93	0.50	5486	80.3	20.1	40.3	0	21.0	-9.3	1	0	24.1	0	0	447027
 95.3828102	2024	83.3	0.61	0.061	651	40.5	0	20.8	-9.2	0.18	0.62	0.058	5538	79.6	20.3	40.4	0	20.3	-9.3	1	1	2.70	7.97	7.94	0.50	5486	80.6	19.9	40.3	0	21.0	-9.3	1	0	24.1	0	0	447226
 95.3828218	2024	84.3	0.61	0.060	651	40.5	0	20.8	-9.2	0.18	0.62	0.056	5538	79.6	20.3	40.4	0	20.3	-9.3	1	1	2.70	7.97	7.94	0.50	5486	80.6	19.9	40.3	0	21.0	-9.3	1	0	24.1	0	0	447426
 95.3828333	2024	85.3	0.61	0.060	651	40.5	0	20.8	-9.2	0.18	0.62	0.055	5538	79.5	20.3	40.4	0	20.3	-9.3	1	1	2.70	7.97	7.93	0.50	5488	80.7	19.9	40.3	0	21.0	-9.3	1	0	24.2	0	0	447627
 95.3828449	2024	86.3	0.61	0.060	651	40.5	0	20.8	-9.2	0.19	0.62	0.055	5540	79.5	20.3	40.3	0	20.3	-9.3	1	1	2.70	7.98	7.93	0.50	5488	80.8	19.8	40.3	0	21.0	-9.3	1	0	24.2	0	0	447826
 95.3828565	2024	87.3	0.61	0.059	651	40.5	0	20.8	-9.2	0.19	0.63	0.054	5540	79.3	20.3	40.3	0	20.4	-9.3	1	1	2.70	7.97	7.94	0.49	5488	80.1	19.8	40.2	0	21.0	-9.3	1	0	24.2	0	0	448027
 95.3828681	2024	88.3	0.61	0.059	651	40.5	0	20.8	-9.2	0.19	0.63	0.055	5540	79.2	20.3	40.3	0	20.4	-9.3	1	1	2.70	7.97	7.93	0.49	5488	79.7	19.8	40.2	0	21.0	-9.3	1	0	24.2	0	0	448226
 95.3828796	2024	89.3	0.61	0.059	651	40.5	0	20.8	-9.2	0.19	0.63	0.056	5538	79.1	20.3	40.3	0	20.4	-9.3	1	1	2.71	7.97	7.93	0.49	5488	79.2	19.8	40.2	0	21.0	-9.3	1	0	24.2	0	0	448426
 95.3828912	2024	90.3	0.61	0.059	651	40.4	0	20.9	-9.2	0.19	0.63	0.057	5538	79.0	20.3	40.3	0	20.4	-9.3	1	1	2.70	7.97	7.94	0.49	5488	78.9	19.8	40.2	0	21.0	-9.3	1	0	24.2	0	0	448626
 95.3829028	2024	91.3	0.61	0.059	651	40.4	0	20.9	-9.2	0.19	0.64	0.058	5538	78.9	20.3	40.3	0	20.4	-9.3	1	1	2.70	7.97	7.94	0.49	5488	78.8	19.8	40.2	0	21.0	-9.3	1	0	24.2	0	0	448827
 95.3829144	2024	92.3	0.61	0.060	651	40.4	0	20.9	-9.2	0.19	0.64	0.060	5536	78.9	20.3	40.2	0	20.4	-9.3	1	1	2.70	7.98	7.93	0.49	5488	78.8	19.8	40.2	0	21.0	-9.3	1	0	24.2	0	0	449026
 95.3829259	2024	93.3	0.61	0.060	651	40.4	0	20.9	-9.2	0.19	0.64	0.063	5536	78.9	20.3	40.2	0	20.4	-9.3	1	1	2.70	7.98	7.94	0.49	5488	79.0	19.9	40.1	160	21.0	-9.3	1	0	24.2	0	0	449226
 95.3829375	2024	94.3	0.61	0.060	651	40.4	0	20.9	-9.2	0.19	0.64	0.064	5536	78.8	20.3	40.2	0	20.4	-9.3	1	1	2.70	7.98	7.94	0.49	5486	79.1	19.9	40.1	160	21.0	-9.3	1	0	24.2	0	0	449427
 95.3829491	2024	95.3	0.61	0.059	651	40.4	0	20.9	-9.2	0.19	0.64	0.064	5535	78.7	20.3	40.2	0	20.4	-9.3	1	1	2.70	7.97	7.93	0.49	5486	79.4	19.9	40.1	160	21.0	-9.3	1	0	24.2	0	0	449626
 95.3829606	2024	96.3	0.61	0.060	651	40.3	0	20.9	-9.2	0.19	0.63	0.065	5535	78.7	20.3	40.2	0	20.4	-9.3	1	1	2.70	7.98	7.93	0.49	5486	79.7	19.9	40.1	160	21.0	-9.3	1	0	24.2	0	0	449826
 95.3829722	2024	97.3	0.61	0.060	651	40.3	0	20.9	-9.2	0.19	0.63	0.064	5535	78.6	20.3	40.1	160	20.4	-9.3	1	1	2.70	7.98	7.93	0.49	5486	80.3	20.0	40.1	160	21.0	-9.3	1	0	24.2	0	0	450026
 95.3829838	2024	98.3	0.61	0.060	651	40.3	0	20.9	-9.2	0.19	0.62	0.064	5535	78.5	20.3	40.1	160	20.4	-9.3	1	1	2.70	7.98	7.94	0.49	5486	80.9	20.2	40.1	160	21.0	-9.3	1	0	24.3	0	0	450227
 95.3829954	2024	99.3	0.61	0.060	651	40.3	0	20.9	-9.2	0.19	0.62	0.064	5535	78.5	20.3	40.1	160	20.4	-9.3	1	1	2.70	7.98	7.94	0.49	5486	81.0	19.9	40.2	0	21.0	-9.3	1	0	24.3	0	0	450426
 95.3830069	2024	100.3	0.61	0.060	651	40.3	0	20.9	-9.2	0.19	0.62	0.063	5536	78.4	20.3	40.1	160	20.4	-9.3	1	1	2.70	7.97	7.94	0.49	5486	81.1	19.9	40.2	0	21.0	-9.3	1	0	24.3	0	0	450626
 95.3830185	2024	101.3	0.61	0.060	651	40.2	0	20.9	-9.2	0.19	0.62	0.061	5536	78.3	20.3	40.1	160	20.4	-9.3	1	1	2.70	7.97	7.94	0.49	5486	81.1	19.9	40.3	0	21.0	-9.3	1	0	24.3	0	0	450827
 95.3830301	2024	102.3	0.61	0.060	651	40.2	0	20.9	-9.2	0.19	0.62	0.060	5536	78.2	20.3	40.1	160	20.4	-9.3	1	1	2.71	7.98	7.94	0.49	5484	80.8	19.9	40.3	0	21.0	-9.3	1	0	24.3	0	0	451026
 95.3830417	2024	103.3	0.61	0.060	651	40.2	0	20.9	-9.2	0.19	0.62	0.059	5536	78.2	20.3	40.1	160	20.4	-9.3	1	1	2.70	7.98	7.93	0.49	5486	80.0	19.9	40.4	0	21.0	-9.3	1	0	24.3	0	0	451226
 95.3830532	2024	104.3	0.61	0.061	651	40.2	0	20.9	-9.2	0.19	0.62	0.060	5536	78.1	20.3	40.2	0	20.4	-9.3	1	1	2.70	7.97	7.93	0.50	5486	79.6	19.9	40.4	0	21.0	-9.3	1	0	24.3	0	0	451426
 95.3830648	2024	105.3	0.61	0.061	651	40.2	0	20.9	-9.2	0.20	0.62	0.060	5536	78.0	20.3	40.2	0	20.4	-9.3	1	1	2.70	7.97	7.94	0.49	5486	79.1	19.9	40.5	0	21.0	-9.3	1	0	24.3	0	0	451627
 95.3830764	2024	106.3	0.61	0.061	651	40.1	160	20.9	-9.2	0.19	0.62	0.060	5536	77.9	20.3	40.3	0	20.4	-9.3	1	1	2.70	7.96	7.94	0.49	5486	78.8	19.9	40.5	0	21.0	-9.3	1	0	24.3	0	0	451826
 95.3830880	2024	107.3	0.61	0.060	651	40.1	160	20.9	-9.2	0.20	0.62	0.059	5536	77.8	20.3	40.4	0	20.4	-9.3	1	1	2.71	7.97	7.94	0.49	5486	78.9	19.9	40.5	0	21.0	-9.3	1	0	24.3	0	0	452026
 95.3830995	2024	108.3	0.61	0.060	651	40.1	160	20.9	-9.2	0.20	0.62	0.059	5536	77.7	20.3	40.4	0	20.4	-9.3	1	1	2.70	7.99	7.94	0.49	5486	78.8	19.9	40.6	0	21.0	-9.3	1	0	24.3	0	0	452227
 95.3831111	2024	109.3	0.61	0.060	651	40.1	160	20.9	-9.2	0.20	0.62	0.060	5536	77.7	20.3	40.5	0	20.4	-9.3	1	1	2.70	7.97	7.94	0.49	5486	78.9	19.9	40.6	0	21.0	-9.3	1	0	24.3	0	0	452426
 95.3831227	2024	110.3	0.61	0.060	651	40.1	160	20.9	-9.2	0.20	0.62	0.059	5536	77.7	20.3	40.5	0	20.4	-9.3	1	1	2.70	7.98	7.94	0.49	5486	79.0	19.9	40.6	0	21.0	-9.3	1	0	24.3	0	0	452627
 95.3831343	2024	111.3	0.61	0.059	651	40.1	160	20.9	-9.2	0.20	0.62	0.061	5535	77.6	20.3	40.6	0	20.4	-9.3	1	1	2.70	7.97	7.93	0.49	5486	79.3	19.9	40.6	0	21.0	-9.3	1	0	24.3	0	0	452827
 95.3831458	2024	112.3	0.61	0.059	651	40.1	160	20.9	-9.2	0.20	0.62	0.063	5535	77.5	20.3	40.6	0	20.4	-9.3	1	1	2.70	7.96	7.93	0.49	5486	79.6	19.9	40.6	0	21.0	-9.3	1	0	24.3	0	0	453026
 95.3831574	2024	113.3	0.61	0.059	651	40.2	0	20.9	-9.2	0.20	0.62	0.064	5535	77.3	20.3	40.6	0	20.4	-9.3	1	1	2.71	7.97	7.94	0.49	5484	80.1	20.1	40.6	0	21.0	-9.3	1	0	24.3	0	0	453227
 95.3831690	2024	114.3	0.61	0.060	651	40.2	0	20.9	-9.2	0.20	0.62	0.064	5535	77.2	20.3	40.6	0	20.4	-9.3	1	1	2.70	7.98	7.94	0.49	5484	80.8	20.1	40.6	0	21.0	-9.3	1	0	24.4	0	0	453426
 95.3831806	2024	115.3	0.61	0.060	651	40.3	0	20.9	-9.2	0.20	0.61	0.064	5535	77.1	20.3	40.6	0	20.4	-9.3	1	1	2.70	7.97	7.93	0.49	5484	80.8	19.9	40.6	0	21.0	-9.3	1	0	24.4	0	0	453626
 95.3831921	2024	116.3	0.61	0.060	651	40.4	0	20.9	-9.2	0.20	0.61	0.063	5535	77.1	20.3	40.6	0	20.4	-9.3	1	1	2.70	7.97	7.93	0.49	5484	80.8	19.9	40.6	0	21.0	-9.3	1	0	24.4	0	0	453827
 95.3832037	2024	117.3	0.61	0.061	651	40.4	0	20.9	-9.2	0.19	0.61	0.063	5535	77.1	20.3	40.6	0	20.4	-9.3	1	1	2.70	7.96	7.93	0.50	5484	80.9	19.9	40.6	0	21.0	-9.3	1	0	24.4	0	0	454026
 95.3832153	2024	118.3	0.61	0.061	651	40.5	0	20.9	-9.2	0.19	0.61	0.062	5535	77.1	20.3	40.6	0	20.4	-9.3	1	1	2.70	7.98	7.93	0.50	5484	80.4	19.9	40.6	0	21.0	-9.3	1	0	24.4	0	0	454226
 95.3832269	2024	119.3	0.61	0.061	651	40.5	0	20.9	-9.2	0.19	0.61	0.061	5535	77.0	20.3	40.6	0	20.4	-9.3	1	1	2.70	7.97	7.93	0.50	5486	79.9	19.9	40.5	0	21.0	-9.3	1	0	24.4	0	0	454426
 95.3832384	2024	120.3	0.61	0.061	651	40.5	0	20.9	-9.2	0.20	0.61	0.060	5536	76.8	20.3	40.6	0	20.4	-9.3	1	1	2.70	7.97	7.94	0.50	5484	79.4	19.9	40.5	0	21.0	-9.3	1	0	24.4	0	0	454626
 95.3832500	2024	121.3	0.61	0.060	651	40.5	0	20.9	-9.2	0.19	0.61	0.059	5536	76.7	20.3	40.6	0	20.4	-9.3	1	1	2.70	7.97	7.93	0.50	5484	79.2	19.9	40.5	0	21.1	-9.3	1	0	24.4	0	0	454827
 95.3832616	2024	122.3	0.61	0.060	651	40.6	0	20.9	-9.2	0.20	0.61	0.058	5536	76.6	20.3	40.6	0	20.4	-9.3	1	1	2.70	7.96	7.93	0.50	5484	79.1	19.9	40.5	0	21.1	-9.3	1	0	24.4	0	0	455026
 95.3832731	2024	123.3	0.61	0.060	651	40.6	0	20.9	-9.2	0.20	0.61	0.058	5536	76.6	20.3	40.6	0	20.4	-9.3	1	1	2.70	7.96	7.94	0.50	5486	79.2	19.9	40.5	0	21.1	-9.3	1	0	24.4	0	0	455226
 95.3832847	2024	124.3	0.61	0.060	651	40.6	0	20.9	-9.2	0.20	0.61	0.059	5536	76.6	20.3	40.5	0	20.4	-9.3	1	1	2.70	7.97	7.94	0.50	5486	79.3	19.9	40.5	0	21.1	-9.3	1	0	24.4	0	0	455427
 95.3832963	2024	125.3	0.61	0.060	651	40.6	0	20.9	-9.2	0.20	0.61	0.059	5536	76.6	20.3	40.5	0	20.4	-9.3	1	1	2.70	7.98	7.94	0.50	5484	79.5	19.9	40.5	0	21.1	-9.3	1	0	24.4	0	0	455626
 95.3833079	2024	126.3	0.61	0.060	651	40.6	0	20.9	-9.2	0.20	0.61	0.059	5536	76.6	20.3	40.5	0	20.4	-9.3	1	1	2.70	7.96	7.94	0.50	5484	79.8	19.9	40.4	0	21.1	-9.3	1	0	24.4	0	0	455826
 95.3833194	2024	127.3	0.61	0.060	651	40.6	0	20.9	-9.2	0.20	0.61	0.060	5536	76.5	20.3	40.5	0	20.4	-9.3	1	1	2.70	7.96	7.93	0.50	5484	80.1	20.0	40.4	0	21.1	-9.3	1	0	24.4	0	0	456026
 95.3833310	2024	128.3	0.61	0.060	651	40.6	0	20.9	-9.2	0.20	0.61	0.060	5536	76.5	20.3	40.5	0	20.4	-9.3	1	1	2.70	7.98	7.94	0.49	5484	80.8	20.1	40.4	0	21.1	-9.3	1	0	24.4	0	0	456227
 95.3833426	2024	129.3	0.61	0.060	651	40.5	0	20.9	-9.2	0.20	0.61	0.061	5535	76.5	20.3	40.5	0	20.4	-9.3	1	1	2.70	7.95	7.94	0.50	5484	80.8	19.9	40.4	0	21.1	-9.3	1	0	24.4	0	0	456427
 95.3833542	2024	130.3	0.61	0.060	651	40.5	0	20.9	-9.2	0.20	0.61	0.061	5536	76.4	20.3	40.4	0	20.4	-9.3	1	1	2.70	7.98	7.94	0.50	5486	80.8	19.9	40.4	0	21.1	-9.3	1	0	24.4	0	0	456626
 95.3833657	2024	131.3	0.61	0.061	651	40.5	0	20.9	-9.2	0.20	0.61	0.063	5536	76.3	20.3	40.4	0	20.4	-9.3	1	1	2.70	7.98	7.94	0.50	5486	80.8	20.0	40.3	0	21.1	-9.3	1	0	24.4	0	0	456827
 95.3833773	2024	132.3	0.61	0.062	651	40.5	0	20.9	-9.2	0.19	0.61	0.064	5536	76.2	20.3	40.4	0	20.4	-9.3	1	1	2.70	7.99	7.93	0.50	5486	80.5	20.0	40.3	0	21.1	-9.3	1	0	24.4	0	0	457026
 95.3833889	2024	133.3	0.61	0.062	651	40.5	0	20.9	-9.2	0.19	0.60	0.064	5536	76.1	20.3	40.4	0	20.4	-9.3	1	1	2.70	7.99	7.94	0.50	5486	79.9	20.0	40.3	0	21.1	-9.3	1	0	24.5	0	0	457227
 95.3834005	2024	134.3	0.61	0.061	651	40.5	0	20.9	-9.2	0.19	0.60	0.063	5538	76.0	20.3	40.4	0	20.4	-9.3	1	1	2.70	7.98	7.94	0.50	5488	79.5	20.0	40.3	0	21.1	-9.3	1	0	24.5	0	0	457426
 95.3834120	2024	135.3	0.61	0.061	651	40.5	0	20.9	-9.2	0.19	0.60	0.061	5538	75.9	20.3	40.4	0	20.4	-9.3	1	1	2.70	7.98	7.94	0.50	5488	78.9	20.0	40.3	0	21.1	-9.3	1	0	24.5	0	0	457626
 95.3834236	2024	136.3	0.61	0.061	651	40.4	0	20.9	-9.2	0.19	0.60	0.061	5540	75.9	20.3	40.3	0	20.4	-9.3	1	1	2.70	7.98	7.94	0.50	5488	78.7	20.0	40.3	0	21.1	-9.3	1	0	24.5	0	0	457827
 95.3834352	2024	137.3	0.61	0.060	651	40.4	0	20.9	-9.2	0.19	0.60	0.059	5540	75.9	20.3	40.3	0	20.4	-9.3	1	1	2.70	7.99	7.94	0.50	5488	78.7	20.0	40.2	0	21.1	-9.3	1	0	24.5	0	0	458026
 95.3834468	2024	138.3	0.61	0.059	651	40.4	0	20.9	-9.2	0.19	0.60	0.057	5540	75.9	20.3	40.3	0	20.4	-9.3	1	1	2.70	8.00	7.94	0.50	5488	78.8	20.0	40.2	0	21.1	-9.3	1	0	24.5	0	0	458226
 95.3834583	2024	139.3	0.61	0.058	651	40.4	0	20.9	-9.2	0.19	0.60	0.055	5542	75.9	20.3	40.3	0	20.4	-9.3	1	1	2.70	7.98	7.94	0.50	5488	78.8	20.0	40.2	0	21.1	-9.3	1	0	24.5	0	0	458426
 95.3834699	2024	140.3	0.61	0.059	651	40.4	0	20.9	-9.2	0.19	0.61	0.054	5540	75.9	20.3	40.3	0	20.4	-9.3	1	1	2.70	7.99	7.94	0.50	5488	79.0	20.0	40.2	0	21.1	-9.3	1	0	24.5	0	0	458626
 95.3834815	2024	141.3	0.61	0.059	651	40.4	0	20.9	-9.2	0.20	0.61	0.055	5540	75.9	20.3	40.2	0	20.4	-9.3	1	1	2.70	7.99	7.94	0.50	5488	79.4	20.0	40.2	0	21.1	-9.3	1	0	24.5	0	0	458827
 95.3834931	2024	142.3	0.61	0.060	651	40.3	0	20.9	-9.2	0.20	0.61	0.056	5540	75.8	20.3	40.2	0	20.4	-9.3	1	1	2.70	7.99	7.93	0.50	5488	79.9	20.0	40.1	160	21.1	-9.3	1	0	24.5	0	0	459026
 95.3835046	2024	143.3	0.61	0.060	651	40.3	0	20.9	-9.2	0.20	0.62	0.058	5540	75.8	20.3	40.2	0	20.4	-9.3	1	1	2.70	7.99	7.94	0.50	5488	80.6	20.3	40.1	160	21.1	-9.3	1	0	24.5	0	0	459226
 95.3835162	2024	144.3	0.61	0.060	651	40.3	0	20.9	-9.2	0.20	0.62	0.060	5538	75.8	20.3	40.2	0	20.4	-9.3	1	1	2.70	7.99	7.93	0.50	5488	80.8	20.0	40.1	160	21.1	-9.3	1	0	24.5	0	0	459426
 95.3835278	2024	145.3	0.61	0.060	651	40.3	0	20.9	-9.2	0.20	0.62	0.061	5538	75.8	20.3	40.2	0	20.4	-9.3	1	1	2.70	7.98	7.93	0.50	5488	81.0	20.0	40.1	160	21.1	-9.3	1	0	24.5	0	0	459627
 95.3835394	2024	146.3	0.61	0.060	651	40.3	0	20.9	-9.2	0.20	0.62	0.063	5536	75.8	20.3	40.1	160	20.4	-9.3	1	1	2.70	7.98	7.94	0.50	5488	81.0	20.0	40.1	160	21.1	-9.3	1	0	24.5	0	0	459826
 95.3835509	2024	147.3	0.61	0.060	651	40.2	0	21.0	-9.2	0.20	0.61	0.065	5536	75.7	20.3	40.1	160	20.4	-9.3	1	1	2.70	7.98	7.94	0.50	5488	80.7	20.0	40.1	160	21.1	-9.3	1	0	24.5	0	0	460026
 95.3835625	2024	148.3	0.61	0.060	651	40.2	0	21.0	-9.2	0.20	0.61	0.066	5536	75.6	20.3	40.1	160	20.4	-9.3	1	1	2.70	7.99	7.94	0.50	5488	79.9	20.0	40.1	160	21.1	-9.3	1	0	24.5	0	0	460226
 95.3835741	2024	149.3	0.61	0.060	651	40.2	0	21.0	-9.2	0.20	0.61	0.066	5536	75.5	20.3	40.1	160	20.4	-9.3	1	1	2.70	7.99	7.94	0.50	5488	79.4	20.0	40.2	0	21.1	-9.3	1	0	24.5	0	0	460427
 95.3835856	2024	150.3	0.61	0.060	651	40.2	0	21.0	-9.2	0.19	0.60	0.065	5536	75.4	20.3	40.1	160	20.5	-9.3	1	1	2.70	7.99	7.94	0.50	5488	78.9	20.0	40.2	0	21.1	-9.3	1	0	24.5	0	0	460626
 95.3835972	2024	151.3	0.61	0.060	651	40.2	0	21.0	-9.2	0.19	0.60	0.063	5536	75.3	20.3	40.1	160	20.5	-9.3	1	1	2.70	8.00	7.94	0.50	5488	78.7	20.0	40.3	0	21.1	-9.3	1	0	24.5	0	0	460826
 95.3836088	2024	152.3	0.61	0.060	651	40.1	160	21.0	-9.2	0.19	0.60	0.062	5538	75.2	20.3	40.1	160	20.5	-9.3	1	1	2.70	7.99	7.94	0.50	5488	78.8	20.0	40.4	0	21.1	-9.3	1	0	24.5	0	0	461026
 95.3836204	2024	153.3	0.61	0.060	651	40.1	160	21.0	-9.2	0.19	0.60	0.061	5538	75.2	20.3	40.2	0	20.5	-9.3	1	1	2.70	7.99	7.93	0.50	5488	78.8	20.0	40.4	0	21.1	-9.3	1	0	24.5	0	0	461226
 95.3836319	2024	154.3	0.61	0.060	651	40.1	160	21.0	-9.2	0.19	0.60	0.060	5538	75.2	20.3	40.2	0	20.5	-9.3	1	1	2.70	7.99	7.94	0.50	5488	79.1	19.9	40.5	0	21.1	-9.3	1	0	24.5	0	0	461426
 95.3836435	2024	155.3	0.61	0.061	651	40.1	160	21.0	-9.2	0.20	0.60	0.060	5538	75.2	20.3	40.3	0	20.5	-9.3	1	1	2.70	7.99	7.94	0.50	5488	79.3	19.9	40.5	0	21.1	-9.3	1	0	24.5	0	0	461626
 95.3836551	2024	156.3	0.61	0.061	651	40.1	160	21.0	-9.2	0.19	0.60	0.059	5540	75.2	20.3	40.3	0	20.5	-9.3	1	1	2.70	7.99	7.94	0.50	5488	79.8	20.0	40.5	0	21.1	-9.3	1	0	24.5	0	0	461827
 95.3836667	2024	157.3	0.61	0.060	651	40.1	160	21.0	-9.2	0.20	0.60	0.058	5540	75.2	20.3	40.4	0	20.5	-9.3	1	1	2.70	7.98	7.94	0.50	5488	80.1	20.0	40.6	0	21.1	-9.3	1	0	24.5	0	0	462026
 95.3836782	2024	158.4	0.61	0.060	651	40.1	160	21.0	-9.2	0.19	0.60	0.058	5540	75.1	20.3	40.5	0	20.5	-9.3	1	1	2.70	7.98	7.93	0.50	5488	80.6	20.1	40.6	0	21.1	-9.3	1	0	24.6	0	0	462227
 95.3836898	2024	159.4	0.61	0.060	651	40.2	0	21.0	-9.2	0.20	0.61	0.058	5540	75.1	20.3	40.5	0	20.5	-9.3	1	1	2.70	7.98	7.94	0.50	5488	81.0	20.2	40.6	0	21.1	-9.3	1	0	24.6	0	0	462426
 95.3837014	2024	160.4	0.61	0.060	651	40.2	0	21.0	-9.2	0.20	0.61	0.058	5540	75.1	20.4	40.5	0	20.5	-9.3	1	1	2.70	7.98	7.94	0.50	5488	81.0	20.0	40.6	0	21.1	-9.3	1	0	24.6	0	0	462627
 95.3837130	2024	161.4	0.61	0.060	651	40.3	0	21.0	-9.2	0.20	0.61	0.059	5540	75.1	20.4	40.6	0	20.5	-9.3	1	1	2.70	7.98	7.94	0.50	5488	81.1	20.0	40.6	0	21.1	-9.3	1	0	24.6	0	0	462826
 95.3837245	2024	162.4	0.61	0.059	651	40.3	0	21.0	-9.2	0.20	0.61	0.060	5538	75.1	20.4	40.6	0	20.5	-9.3	1	1	2.70	7.99	7.94	0.50	5488	81.1	20.0	40.6	0	21.1	-9.3	1	0	24.6	0	0	463026
 95.3837361	2024	163.4	0.61	0.060	651	40.4	0	21.0	-9.2	0.20	0.61	0.060	5538	75.1	20.4	40.6	0	20.5	-9.3	1	1	2.70	7.99	7.94	0.50	5488	80.7	20.0	40.6	0	21.1	-9.3	1	0	24.6	0	0	463226
 95.3837477	2024	164.4	0.61	0.060	651	40.4	0	21.0	-9.2	0.20	0.61	0.061	5538	75.1	20.4	40.6	0	20.5	-9.3	1	1	2.70	7.98	7.94	0.50	5488	80.2	20.0	40.6	0	21.1	-9.3	1	0	24.6	0	0	463426
 95.3837593	2024	165.4	0.61	0.061	651	40.5	0	21.0	-9.2	0.20	0.61	0.062	5538	75.1	20.4	40.6	0	20.5	-9.3	1	1	2.70	7.98	7.93	0.50	5488	79.8	20.0	40.6	0	21.1	-9.3	1	0	24.6	0	0	463627
 95.3837708	2024	166.4	0.61	0.061	651	40.5	0	21.0	-9.2	0.20	0.61	0.063	5538	75.1	20.4	40.6	0	20.5	-9.3	1	1	2.70	7.98	7.94	0.50	5488	79.4	20.0	40.6	0	21.1	-9.3	1	0	24.6	0	0	463826
 95.3837824	2024	167.4	0.61	0.061	651	40.5	0	21.0	-9.2	0.20	0.61	0.063	5538	75.0	20.4	40.6	0	20.5	-9.3	1	1	2.70	8.00	7.94	0.50	5488	79.3	20.0	40.6	0	21.1	-9.3	1	0	24.6	0	0	464027
 95.3837940	2024	168.4	0.61	0.060	651	40.5	0	21.0	-9.2	0.19	0.60	0.063	5538	75.0	20.4	40.6	0	20.5	-9.3	1	1	2.70	7.99	7.94	0.50	5488	79.3	20.0	40.6	0	21.1	-9.3	1	0	24.6	0	0	464227
 95.3838056	2024	169.4	0.61	0.060	651	40.6	0	21.0	-9.2	0.19	0.60	0.062	5538	75.0	20.4	40.6	0	20.5	-9.3	1	1	2.70	7.99	7.94	0.50	5488	79.3	20.0	40.5	0	21.1	-9.3	1	0	24.6	0	0	464427
 95.3838171	2024	170.4	0.61	0.060	652	40.6	0	21.0	-9.2	0.19	0.60	0.061	5538	75.0	20.4	40.6	0	20.5	-9.3	1	1	2.70	7.99	7.94	0.50	5488	79.6	20.0	40.5	0	21.1	-9.3	1	0	24.6	0	0	464626
 95.3838287	2024	171.4	0.61	0.059	651	40.6	0	21.0	-9.2	0.19	0.60	0.060	5540	75.0	20.4	40.6	0	20.5	-9.3	1	1	2.70	8.00	7.94	0.50	5488	79.8	20.0	40.5	0	21.1	-9.3	1	0	24.6	0	0	464827
 95.3838403	2024	172.4	0.61	0.059	652	40.6	0	21.0	-9.2	0.19	0.60	0.059	5540	75.0	20.4	40.6	0	20.5	-9.3	1	1	2.70	7.98	7.94	0.50	5488	80.3	20.0	40.5	0	21.1	-9.3	1	0	24.6	0	0	465026
 95.3838519	2024	173.4	0.61	0.060	652	40.6	0	21.0	-9.2	0.19	0.60	0.058	5540	75.0	20.3	40.6	0	20.5	-9.3	1	1	2.70	7.98	7.94	0.50	5490	81.0	20.3	40.5	0	21.1	-9.3	1	0	24.6	0	0	465226
 95.3838634	2024	174.4	0.61	0.060	651	40.5	0	21.0	-9.2	0.19	0.60	0.058	5540	75.0	20.4	40.5	0	20.5	-9.3	1	1	2.70	7.98	7.94	0.50	5488	81.0	20.0	40.5	0	21.1	-9.3	1	0	24.6	0	0	465427
 95.3838750	2024	175.4	0.61	0.060	651	40.5	0	21.0	-9.2	0.19	0.60	0.057	5542	75.0	20.4	40.5	0	20.5	-9.3	1	1	2.70	7.99	7.94	0.50	5488	81.1	20.0	40.5	0	21.1	-9.3	1	0	24.6	0	0	465626
 95.3838866	2024	176.4	0.61	0.060	651	40.5	0	21.0	-9.2	0.19	0.60	0.057	5540	75.0	20.4	40.5	0	20.5	-9.3	1	1	2.70	7.98	7.94	0.50	5488	81.0	20.0	40.4	0	21.1	-9.3	1	0	24.6	0	0	465827
 95.3838981	2024	177.4	0.61	0.060	651	40.5	0	21.0	-9.2	0.19	0.60	0.057	5540	75.0	20.4	40.5	0	20.5	-9.3	1	1	2.70	7.99	7.94	0.50	5488	80.5	20.0	40.4	0	21.1	-9.3	1	0	24.6	0	0	466027
 95.3839097	2024	178.4	0.61	0.060	651	40.5	0	21.0	-9.2	0.19	0.60	0.058	5540	75.0	20.4	40.5	0	20.5	-9.3	1	1	2.70	7.98	7.94	0.50	5488	80.3	20.0	40.4	0	21.1	-9.3	1	0	24.6	0	0	466226
 95.3839213	2024	179.4	0.61	0.060	651	40.5	0	21.0	-9.2	0.19	0.61	0.059	5540	75.0	20.4	40.5	0	20.5	-9.3	1	1	2.70	7.99	7.94	0.50	5488	79.7	20.1	40.4	0	21.1	-9.3	1	0	24.6	0	0	466426
 95.3839329	2024	180.4	0.61	0.060	651	40.5	0	21.0	-9.2	0.19	0.61	0.060	5540	75.0	20.4	40.4	0	20.5	-9.3	1	1	2.70	7.99	7.94	0.50	5488	79.4	20.0	40.4	0	21.1	-9.3	1	0	24.6	0	0	466626
 95.3839444	2024	181.4	0.61	0.060	651	40.5	0	21.0	-9.2	0.19	0.61	0.061	5538	75.0	20.4	40.4	0	20.5	-9.3	1	1	2.70	7.99	7.94	0.50	5488	79.3	20.0	40.3	0	21.1	-9.3	1	0	24.6	0	0	466826
 95.3839560	2024	182.4	0.61	0.060	651	40.4	0	21.0	-9.2	0.19	0.61	0.061	5538	74.9	20.4	40.4	0	20.5	-9.3	1	1	2.70	7.99	7.94	0.50	5488	79.3	20.0	40.3	0	21.1	-9.3	1	0	24.6	0	0	467027
 95.3839676	2024	183.4	0.61	0.059	651	40.4	0	21.0	-9.2	0.19	0.61	0.062	5538	74.9	20.4	40.4	0	20.5	-9.3	1	1	2.70	7.98	7.94	0.50	5488	79.4	20.0	40.3	0	21.1	-9.3	1	0	24.6	0	0	467226
 95.3839792	2024	184.4	0.61	0.060	651	40.4	0	21.0	-9.2	0.19	0.60	0.062	5538	74.9	20.4	40.4	0	20.5	-9.3	1	1	2.70	7.99	7.94	0.50	5488	79.4	20.0	40.3	0	21.1	-9.3	1	0	24.6	0	0	467426
 95.3839907	2024	185.4	0.61	0.060	651	40.4	0	21.0	-9.2	0.19	0.60	0.062	5538	74.9	20.4	40.3	0	20.5	-9.3	1	1	2.70	7.98	7.94	0.50	5488	79.7	20.0	40.3	0	21.1	-9.3	1	0	24.6	0	0	467626
 95.3840023	2024	186.4	0.61	0.060	651	40.4	0	21.0	-9.2	0.19	0.60	0.062	5538	74.9	20.4	40.3	0	20.5	-9.3	1	1	2.70	7.99	7.94	0.50	5488	80.0	20.0	40.3	0	21.1	-9.3	1	0	24.6	0	0	467827
 95.3840139	2024	187.4	0.61	0.060	651	40.4	0	21.0	-9.2	0.19	0.60	0.062	5538	74.9	20.4	40.3	0	20.5	-9.3	1	1	2.70	7.98	7.94	0.50	5486	80.4	20.1	40.2	0	21.1	-9.3	1	0	24.6	0	0	468027
 95.3840255	2024	188.4	0.61	0.060	651	40.3	0	21.0	-9.2	0.19	0.59	0.061	5538	74.9	20.4	40.3	0	20.5	-9.3	1	1	2.70	7.99	7.94	0.50	5488	81.0	20.2	40.2	0	21.1	-9.3	1	0	24.6	0	0	468226
 95.3840370	2024	189.4	0.61	0.060	651	40.3	0	21.0	-9.2	0.19	0.59	0.060	5538	74.9	20.4	40.3	0	20.5	-9.3	1	1	2.70	7.99	7.94	0.50	5486	81.0	20.0	40.2	0	21.1	-9.3	1	0	24.6	0	0	468427
 95.3840486	2024	190.4	0.61	0.060	651	40.3	0	21.0	-9.2	0.19	0.59	0.060	5538	74.8	20.4	40.3	0	20.5	-9.3	1	1	2.70	7.98	7.94	0.50	5486	80.9	20.0	40.2	0	21.1	-9.3	1	0	24.6	0	0	468626
 95.3840602	2024	191.4	0.61	0.060	651	40.3	0	21.0	-9.2	0.19	0.60	0.059	5538	74.8	20.4	40.2	0	20.5	-9.3	1	1	2.70	7.99	7.94	0.50	5486	80.9	20.0	40.2	0	21.1	-9.3	1	0	24.6	0	0	468826
 95.3840718	2024	192.4	0.61	0.060	651	40.3	0	21.0	-9.2	0.19	0.59	0.059	5540	74.8	20.4	40.2	0	20.5	-9.3	1	1	2.70	8.00	7.94	0.50	5486	80.6	20.0	40.2	0	21.1	-9.3	1	0	24.6	0	0	469027
 95.3840833	2024	193.4	0.61	0.060	651	40.2	0	21.0	-9.2	0.19	0.59	0.059	5538	74.8	20.4	40.2	0	20.5	-9.3	1	1	2.70	7.98	7.94	0.50	5488	79.9	20.0	40.1	160	21.1	-9.3	1	0	24.6	0	0	469226
 95.3840949	2024	194.4	0.61	0.059	651	40.2	0	21.0	-9.2	0.19	0.59	0.059	5538	74.8	20.4	40.2	0	20.5	-9.3	1	1	2.70	7.99	7.94	0.50	5488	79.4	20.0	40.1	160	21.1	-9.3	1	0	24.6	0	0	469427
 95.3841065	2024	195.4	0.61	0.060	651	40.2	0	21.0	-9.2	0.19	0.60	0.060	5538	74.8	20.4	40.2	0	20.5	-9.3	1	1	2.70	7.97	7.94	0.50	5488	78.9	20.0	40.1	160	21.1	-9.3	1	0	24.6	0	0	469627
 95.3841181	2024	196.4	0.61	0.060	651	40.2	0	21.0	-9.2	0.19	0.60	0.060	5538	74.8	20.4	40.1	160	20.5	-9.3	1	1	2.70	7.98	7.94	0.50	5486	78.7	20.0	40.1	160	21.1	-9.3	1	0	24.6	0	0	469826
 95.3841296	2024	197.4	0.61	0.060	651	40.2	0	21.0	-9.2	0.19	0.60	0.061	5538	74.8	20.4	40.1	160	20.5	-9.3	1	1	2.70	7.99	7.94	0.50	5486	78.8	20.0	40.1	160	21.1	-9.3	1	0	24.6	0	0	470026
 95.3841412	2024	198.4	0.61	0.060	651	40.1	160	21.0	-9.2	0.19	0.60	0.062	5538	74.7	20.4	40.1	160	20.5	-9.3	1	1	2.70	7.99	7.94	0.50	5486	78.8	20.0	40.1	160	21.1	-9.3	1	0	24.6	0	0	470227
 95.3841528	2024	199.4	0.61	0.060	651	40.1	160	21.0	-9.2	0.18	0.59	0.062	5538	74.7	20.4	40.1	160	20.5	-9.3	1	1	2.70	7.99	7.94	0.50	5486	79.0	20.0	40.2	0	21.1	-9.3	1	0	24.6	0	0	470427
 95.3841644	2024	200.4	0.61	0.060	651	40.1	160	21.0	-9.2	0.18	0.59	0.062	5538	74.7	20.4	40.1	160	20.5	-9.3	1	1	2.70	7.98	7.94	0.50	5486	79.3	20.0	40.2	0	21.1	-9.3	1	0	24.6	0	0	470626
 95.3841759	2024	201.4	0.61	0.061	651	40.1	160	21.0	-9.2	0.18	0.59	0.062	5538	74.7	20.4	40.1	160	20.5	-9.3	1	1	2.70	7.99	7.94	0.50	5486	79.7	20.0	40.3	0	21.1	-9.3	1	0	24.6	0	0	470826
 95.3841875	2024	202.4	0.61	0.061	651	40.1	160	21.0	-9.2	0.18	0.59	0.061	5538	74.7	20.4	40.1	160	20.5	-9.3	1	1	2.70	7.98	7.94	0.50	5486	80.2	20.1	40.3	0	21.1	-9.3	1	0	24.6	0	0	471027
 95.3841991	2024	203.4	0.61	0.061	651	40.1	160	21.0	-9.2	0.18	0.58	0.061	5538	74.7	20.4	40.2	0	20.5	-9.3	1	1	2.70	7.99	7.94	0.50	5486	81.0	20.3	40.4	0	21.1	-9.3	1	0	24.6	0	0	471227
 95.3842106	2024	204.4	0.61	0.061	651	40.1	160	21.0	-9.2	0.18	0.58	0.059	5540	74.7	20.4	40.2	0	20.5	-9.3	1	1	2.70	7.98	7.94	0.50	5488	81.0	20.0	40.4	0	21.1	-9.3	1	0	24.6	0	0	471426
 95.3842222	2024	205.4	0.61	0.060	651	40.2	0	21.0	-9.2	0.18	0.59	0.057	5540	74.7	20.4	40.3	0	20.5	-9.3	1	1	2.70	7.98	7.94	0.50	5486	81.0	20.0	40.5	0	21.1	-9.3	1	0	24.6	0	0	471626
 95.3842338	2024	206.4	0.61	0.060	651	40.2	0	21.0	-9.2	0.18	0.59	0.055	5542	74.7	20.4	40.3	0	20.5	-9.3	1	1	2.70	7.97	7.94	0.50	5488	81.0	20.1	40.5	0	21.1	-9.3	1	0	24.6	0	0	471827
 95.3842454	2024	207.4	0.61	0.060	651	40.3	0	21.0	-9.2	0.18	0.60	0.054	5542	74.7	20.4	40.4	0	20.5	-9.3	1	1	2.70	7.98	7.94	0.50	5488	80.4	20.0	40.5	0	21.1	-9.3	1	0	24.6	0	0	472027
 95.3842569	2024	208.4	0.61	0.059	651	40.3	0	21.0	-9.2	0.18	0.60	0.054	5542	74.7	20.4	40.4	0	20.5	-9.3	1	1	2.70	7.99	7.94	0.50	5488	80.0	20.1	40.6	0	21.1	-9.3	1	0	24.6	0	0	472226
 95.3842685	2024	209.4	0.61	0.059	651	40.4	0	21.0	-9.2	0.18	0.60	0.055	5542	74.7	20.4	40.5	0	20.5	-9.3	1	1	2.70	7.99	7.94	0.50	5488	79.5	20.1	40.6	0	21.1	-9.3	1	0	24.6	0	0	472427
 95.3842801	2024	210.4	0.61	0.059	651	40.5	0	21.0	-9.2	0.18	0.60	0.056	5542	74.7	20.4	40.5	0	20.5	-9.3	1	1	2.70	7.98	7.94	0.50	5488	79.2	20.1	40.6	0	21.2	-9.3	1	0	24.6	0	0	472626
 95.3842917	2024	211.4	0.61	0.059	651	40.5	0	21.0	-9.2	0.18	0.61	0.058	5540	74.8	20.4	40.5	0	20.5	-9.3	1	1	2.70	7.98	7.94	0.50	5488	79.0	20.1	40.6	0	21.1	-9.3	1	0	24.6	0	0	472827
 95.3843032	2024	212.4	0.61	0.059	651	40.5	0	21.0	-9.2	0.18	0.61	0.059	5540	74.8	20.4	40.6	0	20.5	-9.3	1	1	2.70	7.99	7.94	0.50	5488	79.0	20.1	40.6	0	21.1	-9.3	1	0	24.6	0	0	473026
 95.3843148	2024	213.4	0.61	0.060	651	40.6	0	21.0	-9.2	0.18	0.61	0.061	5538	74.7	20.4	40.6	0	20.5	-9.3	1	1	2.70	7.99	7.94	0.50	5488	79.0	20.1	40.6	0	21.1	-9.3	1	0	24.6	0	0	473227
 95.3843264	2024	214.4	0.61	0.060	651	40.6	0	21.0	-9.2	0.18	0.61	0.063	5538	74.7	20.4	40.6	0	20.5	-9.3	1	1	2.70	8.00	7.94	0.50	5488	79.1	20.1	40.6	0	21.1	-9.3	1	0	24.6	0	0	473426
 95.3843380	2024	215.4	0.61	0.060	651	40.6	0	21.0	-9.2	0.18	0.61	0.064	5538	74.7	20.4	40.6	0	20.5	-9.3	1	1	2.70	7.99	7.94	0.50	5486	79.4	20.1	40.6	0	21.1	-9.3	1	0	24.6	0	0	473627
 95.3843495	2024	216.4	0.61	0.060	651	40.6	0	21.0	-9.2	0.18	0.60	0.065	5536	74.7	20.4	40.6	0	20.5	-9.3	1	1	2.70	7.98	7.94	0.50	5488	79.8	20.1	40.6	0	21.1	-9.3	1	0	24.6	0	0	473826
 95.3843611	2024	217.4	0.61	0.060	651	40.6	0	21.0	-9.2	0.18	0.60	0.065	5536	74.7	20.4	40.6	0	20.5	-9.3	1	1	2.70	7.99	7.94	0.50	5488	80.4	20.3	40.6	0	21.2	-9.3	1	0	24.6	0	0	474027
 95.3843727	2024	218.4	0.61	0.060	651	40.6	0	21.0	-9.2	0.18	0.60	0.065	5536	74.7	20.4	40.6	0	20.5	-9.3	1	1	2.70	7.99	7.94	0.50	5486	80.7	20.1	40.6	0	21.2	-9.3	1	0	24.6	0	0	474226
 95.3843843	2024	219.4	0.61	0.060	651	40.6	0	21.0	-9.2	0.17	0.59	0.064	5538	74.7	20.4	40.6	0	20.5	-9.3	1	1	2.70	7.99	7.94	0.50	5488	81.0	20.0	40.5	0	21.2	-9.3	1	0	24.6	0	0	474426
 95.3843958	2024	220.4	0.61	0.060	651	40.6	0	21.0	-9.2	0.17	0.59	0.063	5538	74.7	20.4	40.6	0	20.5	-9.3	1	1	2.70	7.98	7.94	0.50	5486	81.0	20.1	40.5	0	21.2	-9.3	1	0	24.6	0	0	474626
 95.3844074	2024	221.4	0.61	0.061	651	40.6	0	21.0	-9.2	0.17	0.59	0.062	5538	74.7	20.4	40.5	0	20.5	-9.3	1	1	2.70	7.99	7.93	0.50	5488	80.9	20.1	40.5	0	21.2	-9.3	1	0	24.6	0	0	474826
 95.3844190	2024	222.4	0.61	0.061	651	40.6	0	21.0	-9.2	0.17	0.59	0.061	5538	74.7	20.4	40.5	0	20.5	-9.3	1	1	2.70	7.98	7.94	0.50	5488	80.5	20.0	40.5	0	21.2	-9.3	1	0	24.6	0	0	475027
 95.3844306	2024	223.4	0.61	0.061	651	40.6	0	21.0	-9.2	0.17	0.59	0.060	5538	74.7	20.4	40.5	0	20.5	-9.3	1	1	2.70	7.97	7.94	0.50	5486	80.3	20.0	40.5	0	21.2	-9.3	1	0	24.6	0	0	475226
 95.3844421	2024	224.4	0.61	0.061	651	40.5	0	21.0	-9.2	0.17	0.59	0.059	5540	74.7	20.4	40.5	0	20.5	-9.3	1	1	2.69	7.97	7.94	0.50	5488	79.9	20.0	40.5	0	21.2	-9.3	1	0	24.6	0	0	475426
 95.3844537	2024	225.4	0.61	0.061	651	40.5	0	21.0	-9.2	0.17	0.59	0.060	5540	74.7	20.4	40.5	0	20.5	-9.3	1	1	2.69	8.00	7.94	0.50	5488	79.7	20.0	40.5	0	21.2	-9.3	1	0	24.6	0	0	475627
 95.3844653	2024	226.4	0.60	0.061	651	40.5	0	21.0	-9.2	0.17	0.59	0.061	5540	74.7	20.4	40.5	0	20.5	-9.3	1	1	2.69	8.00	7.94	0.50	5490	79.7	20.0	40.4	0	21.2	-9.3	1	0	24.6	0	0	475826
 95.3844769	2024	227.4	0.60	0.061	652	40.5	0	21.0	-9.2	0.17	0.58	0.060	5542	74.8	20.4	40.5	0	20.5	-9.3	1	1	2.70	8.00	7.94	0.50	5490	79.6	20.1	40.4	0	21.2	-9.3	1	0	24.6	0	0	476026
 95.3844884	2024	228.4	0.61	0.060	652	40.5	0	21.0	-9.2	0.17	0.59	0.060	5542	74.8	20.4	40.4	0	20.6	-9.3	1	1	2.69	8.01	7.95	0.50	5490	79.6	20.1	40.4	0	21.2	-9.3	1	0	24.6	0	0	476227
 95.3845000	2024	229.4	0.61	0.060	652	40.5	0	21.0	-9.2	0.16	0.59	0.058	5544	74.9	20.4	40.4	0	20.6	-9.3	1	1	2.69	8.00	7.94	0.50	5490	79.9	20.1	40.4	0	21.2	-9.3	1	0	24.6	0	0	476427
 95.3845116	2024	230.4	0.61	0.059	652	40.5	0	21.0	-9.2	0.17	0.59	0.056	5544	75.0	20.4	40.4	0	20.6	-9.3	1	1	2.69	7.99	7.94	0.50	5490	80.2	20.2	40.4	0	21.2	-9.3	1	0	24.6	0	0	476626
 95.3845231	2024	231.4	0.61	0.059	652	40.4	0	21.0	-9.2	0.17	0.59	0.056	5544	75.0	20.4	40.4	0	20.6	-9.3	1	1	2.69	7.99	7.94	0.50	5491	80.8	20.3	40.3	0	21.2	-9.3	1	0	24.6	0	0	476827
 95.3845347	2024	232.4	0.61	0.059	652	40.4	0	21.1	-9.2	0.17	0.59	0.056	5545	75.1	20.4	40.4	0	20.6	-9.3	1	1	2.69	8.00	7.94	0.50	5491	80.7	20.1	40.3	0	21.2	-9.3	1	0	24.6	0	0	477026
 95.3845463	2024	233.4	0.61	0.059	652	40.4	0	21.1	-9.2	0.17	0.60	0.056	5544	75.1	20.4	40.4	0	20.6	-9.3	1	1	2.69	8.00	7.94	0.50	5491	80.8	20.1	40.3	0	21.2	-9.3	1	0	24.6	0	0	477226
 95.3845579	2024	234.4	0.61	0.059	652	40.4	0	21.1	-9.2	0.17	0.60	0.058	5544	75.2	20.4	40.3	0	20.6	-9.3	1	1	2.70	8.01	7.94	0.50	5491	80.6	20.1	40.3	0	21.2	-9.3	1	0	24.6	0	0	477427
 95.3845694	2024	235.4	0.61	0.059	652	40.4	0	21.1	-9.2	0.17	0.60	0.059	5544	75.2	20.4	40.3	0	20.6	-9.3	1	1	2.70	7.99	7.93	0.50	5491	80.4	20.1	40.3	0	21.2	-9.3	1	0	24.6	0	0	477626
 95.3845810	2024	236.4	0.61	0.059	652	40.3	0	21.1	-9.2	0.17	0.60	0.060	5542	75.2	20.4	40.3	0	20.6	-9.3	1	1	2.70	8.01	7.94	0.50	5491	80.0	20.1	40.3	0	21.2	-9.3	1	0	24.6	0	0	477827
 95.3845926	2024	237.4	0.61	0.059	652	40.3	0	21.1	-9.2	0.17	0.60	0.061	5542	75.2	20.4	40.3	0	20.6	-9.3	1	1	2.70	8.01	7.94	0.50	5491	79.5	20.1	40.2	0	21.2	-9.3	1	0	24.6	0	0	478026
 95.3846042	2024	238.4	0.61	0.060	652	40.3	0	21.1	-9.2	0.17	0.60	0.062	5542	75.2	20.4	40.3	0	20.6	-9.3	1	1	2.70	8.01	7.94	0.50	5491	79.4	20.1	40.2	0	21.2	-9.3	1	0	24.6	0	0	478226
 95.3846157	2024	239.4	0.61	0.060	652	40.3	0	21.1	-9.2	0.17	0.60	0.063	5542	75.2	20.4	40.2	0	20.6	-9.3	1	1	2.70	8.01	7.94	0.50	5491	79.1	20.1	40.2	0	21.2	-9.3	1	0	24.6	0	0	478427
 95.3846273	2024	240.4	0.61	0.060	652	40.3	0	21.1	-9.2	0.17	0.60	0.063	5542	75.2	20.4	40.2	0	20.6	-9.3	1	1	2.70	8.01	7.94	0.50	5490	79.1	20.1	40.2	0	21.2	-9.3	1	0	24.6	0	0	478626
 95.3846389	2024	241.4	0.61	0.060	652	40.2	0	21.1	-9.2	0.16	0.59	0.064	5540	75.2	20.4	40.2	0	20.6	-9.3	1	1	2.70	8.01	7.94	0.50	5490	79.3	20.1	40.2	0	21.2	-9.3	1	0	24.6	0	0	478826
 95.3846505	2024	242.4	0.61	0.060	652	40.2	0	21.1	-9.2	0.16	0.59	0.064	5540	75.2	20.4	40.2	0	20.6	-9.3	1	1	2.70	8.02	7.94	0.50	5490	79.3	20.1	40.2	0	21.2	-9.3	1	0	24.6	0	0	479027
 95.3846620	2024	243.4	0.61	0.060	652	40.2	0	21.1	-9.2	0.16	0.59	0.064	5540	75.2	20.4	40.2	0	20.6	-9.3	1	1	2.69	8.01	7.93	0.50	5490	79.5	20.1	40.1	160	21.2	-9.3	1	0	24.6	0	0	479226
 95.3846736	2024	244.4	0.61	0.061	652	40.2	0	21.1	-9.2	0.16	0.59	0.063	5540	75.2	20.4	40.2	0	20.6	-9.3	1	1	2.70	8.00	7.94	0.50	5490	80.0	20.2	40.1	160	21.2	-9.3	1	0	24.6	0	0	479427
 95.3846852	2024	245.4	0.61	0.061	652	40.2	0	21.1	-9.2	0.16	0.59	0.063	5542	75.2	20.4	40.1	160	20.6	-9.3	1	1	2.70	8.00	7.94	0.50	5490	80.3	20.2	40.1	160	21.2	-9.3	1	0	24.6	0	0	479626
 95.3846968	2024	246.4	0.61	0.060	652	40.1	160	21.1	-9.2	0.16	0.58	0.062	5542	75.2	20.4	40.1	160	20.6	-9.3	1	1	2.70	8.01	7.94	0.50	5490	81.1	20.5	40.1	160	21.2	-9.3	1	0	24.6	0	0	479826
 95.3847083	2024	247.4	0.61	0.060	652	40.1	160	21.1	-9.2	0.16	0.58	0.060	5542	75.3	20.5	40.1	160	20.6	-9.3	1	1	2.70	8.02	7.94	0.50	5490	81.0	20.2	40.1	160	21.2	-9.3	1	0	24.6	0	0	480026
 95.3847199	2024	248.4	0.61	0.060	652	40.1	160	21.1	-9.2	0.16	0.58	0.058	5544	75.4	20.5	40.1	160	20.6	-9.3	1	1	2.70	8.00	7.94	0.50	5490	81.0	20.2	40.1	160	21.2	-9.3	1	0	24.6	0	0	480226
 95.3847315	2024	249.4	0.61	0.060	652	40.1	160	21.1	-9.2	0.16	0.59	0.056	5544	75.5	20.5	40.1	160	20.6	-9.3	1	1	2.70	8.01	7.94	0.50	5490	81.1	20.2	40.2	0	21.2	-9.3	1	0	24.6	0	0	480427
 95.3847431	2024	250.4	0.61	0.060	652	40.1	160	21.1	-9.2	0.16	0.59	0.054	5544	75.5	20.5	40.1	160	20.6	-9.3	1	1	2.70	8.00	7.94	0.50	5490	80.7	20.2	40.2	0	21.2	-9.3	1	0	24.6	0	0	480626
 95.3847546	2024	251.4	0.61	0.060	652	40.1	160	21.1	-9.2	0.16	0.59	0.054	5544	75.6	20.5	40.1	160	20.6	-9.3	1	1	2.70	8.02	7.94	0.50	5490	80.2	20.2	40.3	0	21.2	-9.3	1	0	24.6	0	0	480826
 95.3847662	2024	252.4	0.61	0.060	652	40.1	160	21.1	-9.2	0.16	0.60	0.055	5544	75.7	20.5	40.2	0	20.6	-9.3	1	1	2.70	8.01	7.94	0.50	5490	79.8	20.2	40.3	0	21.2	-9.3	1	0	24.6	0	0	481027
 95.3847778	2024	253.4	0.61	0.060	652	40.2	0	21.1	-9.2	0.16	0.60	0.056	5544	75.8	20.5	40.2	0	20.6	-9.3	1	1	2.70	8.01	7.94	0.50	5490	79.5	20.2	40.4	0	21.2	-9.3	1	0	24.6	0	0	481226
 95.3847894	2024	254.4	0.61	0.060	652	40.2	0	21.1	-9.2	0.16	0.60	0.058	5542	75.9	20.5	40.3	0	20.6	-9.3	1	1	2.70	8.00	7.94	0.50	5490	79.4	20.2	40.4	0	21.2	-9.3	1	0	24.6	0	0	481427
 95.3848009	2024	255.4	0.61	0.060	652	40.3	0	21.1	-9.2	0.16	0.60	0.060	5542	75.9	20.5	40.4	0	20.6	-9.3	1	1	2.70	8.02	7.94	0.50	5490	79.4	20.1	40.5	0	21.2	-9.3	1	0	24.6	0	0	481627
 95.3848125	2024	256.4	0.61	0.059	652	40.3	0	21.1	-9.2	0.16	0.60	0.062	5540	75.9	20.5	40.4	0	20.6	-9.3	1	1	2.70	8.01	7.94	0.50	5490	79.5	20.1	40.5	0	21.2	-9.3	1	0	24.6	0	0	481826
 95.3848241	2024	257.4	0.61	0.059	652	40.4	0	21.1	-9.2	0.16	0.60	0.064	5540	75.9	20.5	40.5	0	20.6	-9.3	1	1	2.70	8.01	7.94	0.50	5490	79.7	20.1	40.5	0	21.2	-9.3	1	0	24.6	0	0	482027
 95.3848356	2024	258.4	0.61	0.060	652	40.5	0	21.1	-9.2	0.16	0.60	0.065	5540	75.9	20.5	40.5	0	20.6	-9.3	1	1	2.70	8.01	7.94	0.50	5490	79.9	20.1	40.6	0	21.2	-9.3	1	0	24.6	0	0	482227
 95.3848472	2024	259.4	0.61	0.060	652	40.5	0	21.1	-9.2	0.15	0.59	0.066	5538	75.9	20.5	40.5	0	20.6	-9.3	1	1	2.70	8.01	7.94	0.50	5490	80.3	20.1	40.6	0	21.2	-9.3	1	0	24.6	0	0	482427
 95.3848588	2024	260.4	0.61	0.060	652	40.5	0	21.1	-9.2	0.15	0.59	0.065	5540	75.9	20.5	40.5	0	20.6	-9.3	1	1	2.70	8.02	7.94	0.50	5490	80.8	20.2	40.6	0	21.2	-9.3	1	0	24.6	0	0	482626
 95.3848704	2024	261.4	0.61	0.060	652	40.5	0	21.1	-9.2	0.15	0.58	0.065	5540	75.9	20.4	40.6	0	20.6	-9.3	1	1	2.70	8.01	7.94	0.50	5490	81.5	20.4	40.6	0	21.2	-9.3	1	0	24.6	0	0	482827
 95.3848819	2024	262.4	0.61	0.060	652	40.6	0	21.1	-9.2	0.15	0.58	0.063	5540	75.9	20.5	40.6	0	20.6	-9.3	1	1	2.70	8.01	7.93	0.50	5490	81.6	20.1	40.6	0	21.2	-9.3	1	0	24.6	0	0	483026
 95.3848935	2024	263.4	0.61	0.062	652	40.6	0	21.1	-9.2	0.15	0.58	0.062	5540	75.9	20.5	40.6	0	20.6	-9.3	1	1	2.69	8.00	7.94	0.50	5490	81.7	20.1	40.6	0	21.2	-9.3	1	0	24.6	0	0	483226
 95.3849051	2024	264.4	0.61	0.062	652	40.6	0	21.1	-9.2	0.15	0.58	0.062	5542	76.0	20.5	40.6	0	20.6	-9.3	1	1	2.69	8.01	7.93	0.50	5491	81.5	20.2	40.6	0	21.2	-9.3	1	0	24.6	0	0	483427
 95.3849167	2024	265.4	0.61	0.061	652	40.6	0	21.1	-9.2	0.15	0.58	0.060	5544	76.1	20.5	40.6	0	20.6	-9.3	1	1	2.70	7.99	7.94	0.50	5491	81.1	20.1	40.6	0	21.2	-9.3	1	0	24.6	0	0	483627
 95.3849282	2024	266.4	0.61	0.060	652	40.6	0	21.1	-9.2	0.15	0.58	0.058	5544	76.2	20.5	40.6	0	20.6	-9.3	1	1	2.69	8.00	7.94	0.50	5490	80.5	20.1	40.6	0	21.2	-9.3	1	0	24.6	0	0	483826
 95.3849398	2024	267.4	0.61	0.060	652	40.6	0	21.1	-9.2	0.15	0.58	0.056	5545	76.2	20.5	40.6	0	20.6	-9.3	1	1	2.70	8.00	7.94	0.50	5491	80.0	20.2	40.6	0	21.2	-9.3	1	0	24.6	0	0	484027
 95.3849514	2024	268.4	0.61	0.059	652	40.6	0	21.1	-9.2	0.15	0.58	0.054	5545	76.3	20.5	40.6	0	20.6	-9.3	1	1	2.70	7.99	7.94	0.50	5491	79.4	20.1	40.5	0	21.2	-9.3	1	0	24.6	0	0	484226
 95.3849630	2024	269.4	0.61	0.059	652	40.6	0	21.1	-9.2	0.15	0.59	0.053	5545	76.3	20.5	40.5	0	20.6	-9.3	1	1	2.70	8.01	7.94	0.50	5491	79.3	20.1	40.5	0	21.2	-9.3	1	0	24.6	0	0	484426
 95.3849745	2024	270.4	0.61	0.058	652	40.6	0	21.1	-9.2	0.15	0.60	0.053	5545	76.3	20.5	40.5	0	20.6	-9.3	1	1	2.69	8.00	7.94	0.50	5491	79.3	20.1	40.5	0	21.2	-9.3	1	0	24.6	0	0	484627
 95.3849861	2024	271.4	0.61	0.058	652	40.6	0	21.1	-9.2	0.15	0.60	0.054	5544	76.3	20.5	40.5	0	20.6	-9.3	1	1	2.70	8.01	7.94	0.50	5491	79.3	20.1	40.5	0	21.2	-9.3	1	0	24.6	0	0	484827
 95.3849977	2024	272.4	0.61	0.059	652	40.5	0	21.1	-9.2	0.15	0.60	0.056	5544	76.3	20.5	40.5	0	20.6	-9.3	1	1	2.70	8.00	7.94	0.50	5491	79.6	20.1	40.5	0	21.2	-9.3	1	0	24.6	0	0	485026
 95.3850093	2024	273.4	0.61	0.059	652	40.5	0	21.1	-9.2	0.15	0.60	0.058	5544	76.3	20.5	40.5	0	20.6	-9.3	1	1	2.70	8.01	7.93	0.50	5490	79.9	20.1	40.5	0	21.2	-9.3	1	0	24.6	0	0	485227
 95.3850208	2024	274.4	0.61	0.059	652	40.5	0	21.1	-9.2	0.15	0.60	0.060	5542	76.2	20.5	40.5	0	20.6	-9.3	1	1	2.70	8.01	7.94	0.50	5490	80.5	20.3	40.5	0	21.2	-9.3	1	0	24.6	0	0	485426
 95.3850324	2024	275.4	0.61	0.059	652	40.5	0	21.1	-9.2	0.15	0.60	0.061	5542	76.2	20.5	40.5	0	20.6	-9.3	1	1	2.70	7.99	7.94	0.50	5490	80.7	20.3	40.4	0	21.2	-9.3	1	0	24.6	0	0	485626
 95.3850440	2024	276.4	0.61	0.060	652	40.5	0	21.1	-9.2	0.15	0.60	0.062	5540	76.3	20.5	40.4	0	20.6	-9.3	1	1	2.70	8.01	7.94	0.50	5490	81.0	20.1	40.4	0	21.2	-9.3	1	0	24.6	0	0	485827
 95.3850556	2024	277.4	0.61	0.060	652	40.5	0	21.1	-9.2	0.15	0.60	0.064	5540	76.3	20.5	40.4	0	20.6	-9.3	1	1	2.70	8.00	7.94	0.50	5490	80.9	20.1	40.4	0	21.2	-9.3	1	0	24.6	0	0	486026
 95.3850671	2024	278.4	0.61	0.060	652	40.4	0	21.1	-9.2	0.15	0.60	0.065	5540	76.3	20.5	40.4	0	20.6	-9.3	1	1	2.70	8.00	7.94	0.50	5490	80.8	20.1	40.4	0	21.2	-9.3	1	0	24.6	0	0	486226
 95.3850787	2024	279.4	0.61	0.060	652	40.4	0	21.1	-9.2	0.15	0.59	0.065	5540	76.3	20.5	40.4	0	20.6	-9.3	1	1	2.70	8.01	7.94	0.50	5490	80.5	20.2	40.4	0	21.2	-9.3	1	0	24.6	0	0	486426
 95.3850903	2024	280.4	0.61	0.060	652	40.4	0	21.1	-9.2	0.14	0.59	0.065	5538	76.4	20.5	40.4	0	20.6	-9.3	1	1	2.69	8.01	7.94	0.50	5490	80.1	20.2	40.4	0	21.2	-9.3	1	0	24.6	0	0	486627
 95.3851019	2024	281.4	0.61	0.060	652	40.4	0	21.1	-9.2	0.14	0.59	0.065	5540	76.5	20.5	40.4	0	20.6	-9.3	1	1	2.70	8.02	7.94	0.50	5490	79.7	20.2	40.3	0	21.2	-9.3	1	0	24.6	0	0	486826
 95.3851134	2024	282.4	0.61	0.060	652	40.4	0	21.1	-9.2	0.14	0.59	0.064	5540	76.7	20.5	40.3	0	20.6	-9.3	1	1	2.70	8.00	7.94	0.50	5490	79.4	20.2	40.3	0	21.2	-9.3	1	0	24.6	0	0	487026
 95.3851262	2024	283.4	0.61	0.060	652	40.4	0	21.1	-9.2	0.14	0.58	0.063	5540	76.8	20.5	40.3	0	20.6	-9.3	1	1	2.69	8.01	7.94	0.50	5490	79.3	20.2	40.3	0	21.2	-9.3	1	0	24.6	0	0	487227
 95.3851377	2024	284.4	0.61	0.061	652	40.3	0	21.1	-9.2	0.14	0.58	0.061	5542	76.9	20.5	40.3	0	20.6	-9.3	1	1	2.70	8.00	7.94	0.50	5490	79.3	20.2	40.3	0	21.2	-9.3	1	0	24.6	0	0	487427
 95.3851481	2024	285.4	0.61	0.061	652	40.3	0	21.1	-9.2	0.14	0.58	0.060	5542	76.9	20.5	40.3	0	20.6	-9.3	1	1	2.70	8.01	7.94	0.50	5490	79.3	20.2	40.3	0	21.2	-9.3	1	0	24.6	0	0	487626
 95.3851597	2024	286.4	0.61	0.061	652	40.3	0	21.1	-9.2	0.14	0.58	0.059	5542	76.9	20.5	40.3	0	20.6	-9.3	1	1	2.70	8.01	7.94	0.50	5490	79.4	20.2	40.3	0	21.2	-9.3	1	0	24.6	0	0	487827
 95.3851713	2024	287.4	0.61	0.060	652	40.3	0	21.1	-9.2	0.14	0.58	0.058	5542	76.9	20.5	40.2	0	20.6	-9.3	1	1	2.70	8.01	7.94	0.50	5490	79.7	20.2	40.2	0	21.2	-9.3	1	0	24.6	0	0	488026
 95.3851829	2024	288.4	0.61	0.060	652	40.3	0	21.1	-9.2	0.14	0.58	0.058	5544	76.9	20.5	40.2	0	20.6	-9.3	1	1	2.70	8.00	7.94	0.50	5490	80.0	20.2	40.2	0	21.2	-9.3	1	0	24.6	0	0	488226
 95.3851944	2024	289.4	0.61	0.060	652	40.2	0	21.1	-9.2	0.14	0.59	0.057	5544	76.9	20.5	40.2	0	20.6	-9.3	1	1	2.70	8.00	7.94	0.50	5490	80.6	20.4	40.2	0	21.2	-9.3	1	0	24.6	0	0	488427
 95.3852060	2024	290.4	0.61	0.060	652	40.2	0	21.1	-9.2	0.14	0.59	0.058	5544	76.9	20.5	40.2	0	20.6	-9.3	1	1	2.69	8.01	7.94	0.50	5490	81.1	20.3	40.2	0	21.2	-9.3	1	0	24.6	0	0	488627
 95.3852176	2024	291.4	0.61	0.059	652	40.2	0	21.1	-9.2	0.14	0.59	0.058	5544	77.0	20.5	40.2	0	20.6	-9.3	1	1	2.69	8.01	7.94	0.50	5490	81.1	20.2	40.2	0	21.2	-9.3	1	0	24.5	0	0	488826
 95.3852292	2024	292.4	0.61	0.059	652	40.2	0	21.1	-9.2	0.14	0.59	0.058	5542	77.1	20.5	40.2	0	20.6	-9.3	1	1	2.69	8.02	7.94	0.50	5490	81.4	20.2	40.1	160	21.2	-9.3	1	0	24.5	0	0	489027
 95.3852407	2024	293.4	0.61	0.059	652	40.2	0	21.1	-9.2	0.14	0.59	0.059	5542	77.2	20.5	40.1	160	20.6	-9.3	1	1	2.70	8.01	7.93	0.50	5490	81.3	20.1	40.1	160	21.2	-9.3	1	0	24.5	0	0	489227
 95.3852523	2024	294.4	0.61	0.060	652	40.1	160	21.1	-9.2	0.14	0.59	0.060	5542	77.3	20.5	40.1	160	20.6	-9.3	1	1	2.70	8.02	7.94	0.50	5490	80.8	20.1	40.1	160	21.2	-9.3	1	0	24.5	0	0	489427
 95.3852639	2024	295.4	0.61	0.060	652	40.1	160	21.1	-9.2	0.14	0.59	0.061	5542	77.4	20.5	40.1	160	20.6	-9.3	1	1	2.70	8.00	7.93	0.50	5490	80.2	20.1	40.1	160	21.2	-9.3	1	0	24.5	0	0	489626
 95.3852755	2024	296.4	0.61	0.060	652	40.1	160	21.1	-9.2	0.14	0.59	0.062	5542	77.4	20.5	40.1	160	20.6	-9.3	1	1	2.70	8.01	7.94	0.50	5490	79.7	20.1	40.1	160	21.2	-9.3	1	0	24.5	0	0	489826
 95.3852870	2024	297.4	0.61	0.060	652	40.1	160	21.1	-9.2	0.14	0.59	0.063	5542	77.3	20.5	40.1	160	20.6	-9.3	1	1	2.70	8.00	7.94	0.50	5490	79.3	20.1	40.1	160	21.2	-9.3	1	0	24.5	0	0	490026
 95.3852986	2024	298.4	0.61	0.060	652	40.1	160	21.1	-9.2	0.14	0.59	0.063	5542	77.4	20.5	40.1	160	20.6	-9.3	1	1	2.69	8.00	7.93	0.50	5490	79.1	20.2	40.1	160	21.3	-9.3	1	0	24.5	0	0	490226
 95.3853113	2024	299.4	0.61	0.060	652	40.1	160	21.1	-9.2	0.14	0.58	0.063	5540	77.5	20.5	40.1	160	20.6	-9.3	1	1	2.70	8.00	7.94	0.50	5490	79.1	20.2	40.2	0	21.2	-9.3	1	0	24.5	0	0	490426
 95.3853229	2024	300.4	0.61	0.060	652	40.1	160	21.1	-9.2	0.14	0.58	0.062	5540	77.5	20.5	40.2	0	20.6	-9.3	1	1	2.70	8.00	7.94	0.50	5490	79.1	20.2	40.2	0	21.2	-9.3	1	0	24.5	0	0	490626
 95.3853345	2024	301.4	0.61	0.060	652	40.2	0	21.1	-9.2	0.13	0.58	0.061	5542	77.6	20.5	40.2	0	20.6	-9.3	1	1	2.69	8.00	7.94	0.50	5490	79.3	20.2	40.3	0	21.2	-9.3	1	0	24.5	0	0	490826
 95.3853449	2024	302.4	0.61	0.060	652	40.2	0	21.1	-9.2	0.13	0.58	0.060	5542	77.6	20.5	40.3	0	20.6	-9.3	1	1	2.70	8.01	7.94	0.50	5490	79.6	20.2	40.3	0	21.2	-9.3	1	0	24.5	0	0	491026
 95.3853565	2024	303.4	0.61	0.060	652	40.3	0	21.1	-9.2	0.13	0.58	0.059	5542	77.7	20.5	40.4	0	20.6	-9.3	1	1	2.69	8.01	7.94	0.50	5490	80.1	20.5	40.4	0	21.2	-9.3	1	0	24.5	0	0	491226
 95.3853681	2024	304.4	0.61	0.060	652	40.3	0	21.1	-9.2	0.13	0.58	0.059	5544	77.7	20.5	40.4	0	20.6	-9.3	1	1	2.69	8.01	7.94	0.50	5490	80.4	20.3	40.5	0	21.2	-9.3	1	0	24.5	0	0	491427
 95.3853796	2024	305.4	0.61	0.059	652	40.4	0	21.1	-9.2	0.13	0.58	0.058	5544	77.8	20.5	40.5	0	20.6	-9.3	1	1	2.69	7.99	7.94	0.50	5490	80.7	20.2	40.5	0	21.2	-9.3	1	0	24.5	0	0	491626
 95.3853912	2024	306.4	0.61	0.059	652	40.4	0	21.1	-9.2	0.13	0.58	0.057	5544	77.8	20.5	40.5	0	20.6	-9.3	1	1	2.70	8.00	7.94	0.50	5490	80.7	20.2	40.5	0	21.2	-9.3	1	0	24.5	0	0	491827
 95.3854028	2024	307.4	0.61	0.059	652	40.5	0	21.1	-9.2	0.13	0.59	0.057	5544	77.8	20.5	40.5	0	20.6	-9.3	1	1	2.69	8.00	7.93	0.50	5490	80.7	20.2	40.6	0	21.3	-9.3	1	0	24.5	0	0	492026
 95.3854144	2024	308.4	0.61	0.060	652	40.5	0	21.1	-9.2	0.14	0.59	0.057	5542	77.8	20.5	40.5	0	20.6	-9.3	1	1	2.69	7.99	7.93	0.50	5490	80.4	20.2	40.6	0	21.3	-9.3	1	0	24.5	0	0	492227
 95.3854259	2024	309.4	0.61	0.060	652	40.5	0	21.1	-9.2	0.13	0.59	0.057	5544	77.8	20.5	40.6	0	20.7	-9.3	1	1	2.69	8.00	7.93	0.50	5490	80.1	20.2	40.6	0	21.3	-9.3	1	0	24.5	0	0	492426
 95.3854375	2024	310.4	0.61	0.060	652	40.6	0	21.1	-9.2	0.14	0.59	0.058	5542	77.8	20.5	40.6	0	20.7	-9.3	1	1	2.69	8.00	7.93	0.50	5490	79.7	20.2	40.6	0	21.3	-9.3	1	0	24.5	0	0	492627
 95.3854491	2024	311.4	0.61	0.060	652	40.6	0	21.1	-9.2	0.13	0.59	0.059	5542	77.9	20.5	40.6	0	20.7	-9.3	1	1	2.69	8.00	7.93	0.50	5490	79.5	20.3	40.6	0	21.3	-9.3	1	0	24.5	0	0	492826
 95.3854618	2024	312.4	0.61	0.060	652	40.6	0	21.1	-9.2	0.13	0.59	0.060	5542	78.0	20.5	40.6	0	20.7	-9.3	1	1	2.69	7.99	7.93	0.50	5490	79.5	20.2	40.6	0	21.3	-9.3	1	0	24.5	0	0	493027
 95.3854734	2024	313.4	0.61	0.060	652	40.6	0	21.1	-9.2	0.13	0.59	0.062	5540	78.1	20.6	40.6	0	20.7	-9.3	1	1	2.69	8.00	7.93	0.50	5490	79.4	20.2	40.6	0	21.3	-9.3	1	0	24.5	0	0	493226
 95.3854850	2024	314.4	0.61	0.060	652	40.6	0	21.1	-9.2	0.13	0.59	0.063	5540	78.1	20.6	40.6	0	20.7	-9.3	1	1	2.69	7.99	7.93	0.50	5490	79.5	20.2	40.6	0	21.3	-9.3	1	0	24.5	0	0	493426
 95.3854965	2024	315.4	0.61	0.060	652	40.6	0	21.1	-9.2	0.13	0.59	0.064	5540	78.2	20.6	40.6	0	20.7	-9.3	1	1	2.69	8.00	7.93	0.50	5490	79.8	20.2	40.6	0	21.3	-9.3	1	0	24.5	0	0	493626
 95.3855081	2024	316.4	0.61	0.060	652	40.6	0	21.1	-9.2	0.13	0.59	0.064	5540	78.2	20.6	40.6	0	20.7	-9.3	1	1	2.69	8.00	7.93	0.50	5490	80.1	20.2	40.6	0	21.3	-9.3	1	0	24.5	0	0	493827
 95.3855197	2024	317.4	0.61	0.060	652	40.6	0	21.1	-9.2	0.13	0.59	0.064	5540	78.2	20.5	40.5	0	20.7	-9.3	1	1	2.69	8.00	7.93	0.50	5488	80.7	20.5	40.6	0	21.3	-9.3	1	0	24.4	0	0	494026
 95.3855312	2024	318.4	0.61	0.060	652	40.6	0	21.1	-9.2	0.13	0.58	0.063	5540	78.3	20.6	40.5	0	20.7	-9.3	1	1	2.69	8.01	7.93	0.50	5488	80.8	20.2	40.6	0	21.3	-9.3	1	0	24.4	0	0	494226
 95.3855428	2024	319.4	0.61	0.060	652	40.5	0	21.1	-9.2	0.13	0.58	0.062	5540	78.4	20.6	40.5	0	20.7	-9.3	1	1	2.69	7.99	7.93	0.50	5490	80.9	20.2	40.6	0	21.3	-9.3	1	0	24.4	0	0	494427
 95.3855544	2024	320.4	0.61	0.060	652	40.5	0	21.2	-9.2	0.13	0.58	0.061	5540	78.5	20.6	40.5	0	20.7	-9.3	1	1	2.69	8.00	7.93	0.50	5490	80.8	20.2	40.6	0	21.3	-9.3	1	0	24.4	0	0	494626
 95.3855660	2024	321.4	0.61	0.060	652	40.5	0	21.2	-9.2	0.13	0.58	0.060	5542	78.5	20.6	40.5	0	20.7	-9.3	1	1	2.69	8.01	7.94	0.50	5490	80.6	20.2	40.5	0	21.3	-9.3	1	0	24.4	0	0	494827
 95.3855775	2024	322.4	0.61	0.060	652	40.5	0	21.2	-9.2	0.13	0.58	0.059	5542	78.5	20.6	40.5	0	20.7	-9.3	1	1	2.69	8.00	7.93	0.50	5490	80.0	20.2	40.5	0	21.3	-9.3	1	0	24.4	0	0	495026
 95.3855891	2024	323.4	0.61	0.060	652	40.5	0	21.2	-9.2	0.13	0.58	0.058	5542	78.5	20.6	40.5	0	20.7	-9.3	1	1	2.69	8.00	7.93	0.50	5490	79.7	20.2	40.5	0	21.3	-9.3	1	0	24.4	0	0	495227
 95.3856007	2024	324.4	0.61	0.060	652	40.5	0	21.2	-9.2	0.13	0.58	0.057	5544	78.5	20.6	40.4	0	20.7	-9.3	1	1	2.69	7.99	7.93	0.50	5490	79.3	20.2	40.5	0	21.3	-9.3	1	0	24.4	0	0	495426
 95.3856123	2024	325.4	0.61	0.060	652	40.5	0	21.2	-9.2	0.13	0.58	0.057	5544	78.6	20.6	40.4	0	20.7	-9.3	1	1	2.69	7.99	7.93	0.50	5490	79.1	20.2	40.5	0	21.3	-9.3	1	0	24.4	0	0	495627
 95.3856238	2024	326.4	0.61	0.060	652	40.4	0	21.2	-9.2	0.13	0.58	0.057	5542	78.7	20.6	40.4	0	20.7	-9.3	1	1	2.69	8.00	7.93	0.50	5490	79.1	20.2	40.5	0	21.3	-9.3	1	0	24.4	0	0	495826
 95.3856354	2024	327.4	0.61	0.060	652	40.4	0	21.2	-9.2	0.13	0.59	0.057	5542	78.8	20.6	40.4	0	20.7	-9.3	1	1	2.69	7.99	7.93	0.50	5490	79.0	20.3	40.5	0	21.3	-9.3	1	0	24.4	0	0	496026
 95.3856470	2024	328.4	0.61	0.060	652	40.4	0	21.2	-9.2	0.13	0.59	0.058	5542	78.9	20.6	40.4	0	20.7	-9.3	1	1	2.69	7.98	7.93	0.50	5490	79.0	20.3	40.4	0	21.3	-9.3	1	0	24.4	0	0	496226
 95.3856586	2024	329.4	0.61	0.060	652	40.4	0	21.2	-9.2	0.13	0.59	0.059	5542	79.0	20.6	40.4	0	20.7	-9.3	1	1	2.69	8.00	7.93	0.50	5490	79.2	20.3	40.4	0	21.3	-9.3	1	0	24.4	0	0	496427
 95.3856701	2024	330.4	0.61	0.060	652	40.4	0	21.2	-9.2	0.13	0.59	0.060	5542	79.0	20.6	40.3	0	20.7	-9.3	1	1	2.69	8.00	7.93	0.50	5490	79.6	20.3	40.4	0	21.3	-9.3	1	0	24.4	0	0	496626
 95.3856817	2024	331.4	0.61	0.059	652	40.3	0	21.2	-9.2	0.13	0.59	0.060	5540	79.0	20.6	40.3	0	20.7	-9.3	1	1	2.69	8.00	7.93	0.50	5490	80.2	20.5	40.4	0	21.3	-9.3	1	0	24.4	0	0	496827
 95.3856933	2024	332.4	0.61	0.059	652	40.3	0	21.2	-9.2	0.12	0.59	0.061	5540	79.0	20.6	40.3	0	20.7	-9.3	1	1	2.69	8.00	7.94	0.50	5488	80.6	20.3	40.4	0	21.3	-9.3	1	0	24.4	0	0	497026
 95.3857049	2024	333.4	0.61	0.060	652	40.3	0	21.2	-9.2	0.13	0.59	0.060	5542	79.0	20.6	40.3	0	20.7	-9.3	1	1	2.69	7.99	7.93	0.50	5488	80.8	20.3	40.3	0	21.3	-9.3	1	0	24.4	0	0	497227
 95.3857164	2024	334.4	0.61	0.060	652	40.3	0	21.2	-9.2	0.12	0.59	0.061	5540	79.0	20.6	40.3	0	20.7	-9.3	1	1	2.69	8.01	7.93	0.50	5488	80.8	20.2	40.3	0	21.3	-9.3	1	0	24.4	0	0	497426
 95.3857280	2024	335.4	0.61	0.060	652	40.3	0	21.2	-9.2	0.13	0.59	0.061	5540	79.1	20.6	40.2	0	20.7	-9.3	1	1	2.69	7.99	7.93	0.50	5488	80.6	20.3	40.3	0	21.3	-9.3	1	0	24.4	0	0	497626
 95.3857396	2024	336.4	0.61	0.060	652	40.3	0	21.2	-9.2	0.13	0.59	0.062	5540	79.2	20.6	40.2	0	20.7	-9.3	1	1	2.69	7.99	7.93	0.50	5488	80.0	20.3	40.3	0	21.3	-9.3	1	0	24.4	0	0	497827
 95.3857512	2024	337.4	0.61	0.060	651	40.2	0	21.2	-9.2	0.13	0.59	0.063	5540	79.3	20.6	40.2	0	20.7	-9.3	1	1	2.69	8.00	7.93	0.50	5488	79.5	20.2	40.3	0	21.3	-9.3	1	0	24.4	0	0	498026
 95.3857627	2024	338.4	0.61	0.060	652	40.2	0	21.2	-9.2	0.12	0.58	0.063	5540	79.3	20.6	40.2	0	20.7	-9.3	1	1	2.69	8.00	7.93	0.50	5488	78.9	20.3	40.3	0	21.3	-9.3	1	0	24.4	0	0	498227
 95.3857743	2024	339.4	0.61	0.060	652	40.2	0	21.2	-9.2	0.12	0.58	0.062	5540	79.5	20.6	40.2	0	20.7	-9.3	1	1	2.69	8.01	7.93	0.50	5488	78.7	20.3	40.2	0	21.3	-9.3	1	0	24.4	0	0	498426
 95.3857859	2024	340.4	0.61	0.060	652	40.2	0	21.2	-9.2	0.12	0.58	0.061	5540	79.5	20.6	40.2	0	20.7	-9.3	1	1	2.69	7.99	7.93	0.50	5488	78.6	20.3	40.2	0	21.3	-9.3	1	0	24.4	0	0	498626
 95.3857975	2024	341.4	0.61	0.060	652	40.2	0	21.2	-9.2	0.12	0.58	0.060	5540	79.5	20.6	40.1	160	20.7	-9.3	1	1	2.69	7.99	7.93	0.50	5488	78.7	20.3	40.2	0	21.3	-9.3	1	0	24.4	0	0	498827
 95.3858090	2024	342.4	0.61	0.060	652	40.1	160	21.2	-9.2	0.12	0.58	0.059	5542	79.6	20.6	40.1	160	20.7	-9.3	1	1	2.69	7.99	7.93	0.50	5488	78.9	20.3	40.2	0	21.3	-9.3	1	0	24.4	0	0	499026
 95.3858206	2024	343.4	0.61	0.060	652	40.1	160	21.2	-9.2	0.12	0.58	0.059	5542	79.7	20.6	40.1	160	20.7	-9.3	1	1	2.69	8.00	7.93	0.50	5488	79.2	20.3	40.2	0	21.3	-9.3	1	0	24.4	0	0	499226
 95.3858322	2024	344.4	0.61	0.060	652	40.1	160	21.2	-9.2	0.12	0.58	0.058	5542	79.7	20.6	40.1	160	20.7	-9.3	1	1	2.69	8.00	7.93	0.50	5490	79.8	20.4	40.2	0	21.3	-9.3	1	0	24.4	0	0	499426
 95.3858438	2024	345.4	0.61	0.060	652	40.1	160	21.2	-9.2	0.12	0.58	0.057	5542	79.7	20.6	40.1	160	20.7	-9.3	1	1	2.69	7.98	7.93	0.50	5490	80.1	20.4	40.1	160	21.3	-9.3	1	0	24.4	0	0	499627
 95.3858553	2024	346.4	0.61	0.060	652	40.1	160	21.2	-9.2	0.12	0.58	0.057	5544	79.7	20.6	40.1	160	20.7	-9.3	1	1	2.69	7.97	7.93	0.50	5490	80.3	20.2	40.1	160	21.3	-9.3	1	0	24.4	0	0	499826
 95.3858669	2024	347.4	0.61	0.060	652	40.1	160	21.2	-9.2	0.12	0.59	0.057	5544	79.7	20.6	40.1	160	20.7	-9.3	1	1	2.69	7.99	7.93	0.50	5490	80.3	20.2	40.1	160	21.3	-9.3	1	0	24.4	0	0	500026
 95.3858785	2024	348.4	0.61	0.060	652	40.1	160	21.2	-9.2	0.12	0.59	0.057	5544	79.8	20.6	40.2	0	20.7	-9.3	1	1	2.69	7.98	7.93	0.50	5490	80.2	20.3	40.1	160	21.3	-9.3	1	0	24.4	0	0	500226
 95.3858900	2024	349.4	0.61	0.060	652	40.2	0	21.2	-9.2	0.12	0.59	0.057	5542	79.9	20.6	40.2	0	20.7	-9.3	1	1	2.69	7.99	7.93	0.50	5490	79.7	20.3	40.1	160	21.3	-9.3	1	0	24.4	0	0	500427
 95.3859016	2024	350.4	0.61	0.059	652	40.2	0	21.2	-9.2	0.12	0.59	0.058	5542	79.9	20.6	40.3	0	20.7	-9.3	1	1	2.69	8.00	7.93	0.50	5490	79.1	20.3	40.1	160	21.3	-9.3	1	0	24.4	0	0	500626
 95.3859132	2024	351.4	0.61	0.059	652	40.3	0	21.2	-9.2	0.12	0.60	0.058	5542	80.0	20.6	40.4	0	20.7	-9.3	1	1	2.69	8.00	7.93	0.50	5488	78.7	20.3	40.1	160	21.3	-9.3	1	0	24.4	0	0	500827
 95.3859248	2024	352.4	0.61	0.059	652	40.4	0	21.2	-9.2	0.13	0.60	0.059	5542	80.1	20.6	40.4	0	20.7	-9.3	1	1	2.69	8.00	7.93	0.50	5488	78.5	20.2	40.2	0	21.3	-9.3	1	0	24.4	0	0	501026
 95.3859363	2024	353.4	0.61	0.059	652	40.4	0	21.2	-9.2	0.13	0.60	0.060	5540	80.1	20.6	40.5	0	20.7	-9.3	1	1	2.69	8.00	7.93	0.50	5488	78.5	20.2	40.2	0	21.3	-9.3	1	0	24.4	0	0	501227
 95.3859479	2024	354.4	0.61	0.060	652	40.5	0	21.2	-9.2	0.12	0.60	0.061	5540	80.1	20.6	40.5	0	20.7	-9.3	1	1	2.69	7.99	7.93	0.50	5488	78.5	20.2	40.3	0	21.3	-9.3	1	0	24.4	0	0	501426
 95.3859595	2024	355.4	0.61	0.060	652	40.5	0	21.2	-9.2	0.12	0.60	0.062	5540	80.2	20.6	40.5	0	20.7	-9.3	1	1	2.69	7.99	7.93	0.50	5488	78.7	20.3	40.4	0	21.3	-9.3	1	0	24.4	0	0	501626
 95.3859711	2024	356.4	0.61	0.060	652	40.5	0	21.2	-9.2	0.12	0.60	0.063	5538	80.2	20.6	40.6	0	20.7	-9.3	1	1	2.69	7.99	7.93	0.50	5488	78.8	20.2	40.4	0	21.3	-9.3	1	0	24.4	0	0	501826
 95.3859826	2024	357.4	0.61	0.060	652	40.6	0	21.2	-9.2	0.12	0.59	0.064	5538	80.3	20.6	40.6	0	20.7	-9.3	1	1	2.69	8.00	7.93	0.50	5488	79.2	20.3	40.5	0	21.3	-9.3	1	0	24.4	0	0	502026
 95.3859942	2024	358.4	0.61	0.060	651	40.6	0	21.2	-9.2	0.12	0.59	0.064	5540	80.3	20.6	40.6	0	20.7	-9.3	1	1	2.69	8.00	7.93	0.50	5488	79.6	20.3	40.5	0	21.3	-9.3	1	0	24.4	0	0	502227
 95.3860058	2024	359.4	0.61	0.060	652	40.6	0	21.2	-9.2	0.12	0.59	0.063	5540	80.3	20.6	40.6	0	20.7	-9.3	1	1	2.69	7.98	7.93	0.50	5488	80.3	20.6	40.6	0	21.3	-9.3	1	0	24.4	0	0	502426
 95.3860174	2024	360.4	0.61	0.060	652	40.6	0	21.2	-9.2	0.12	0.59	0.062	5540	80.3	20.6	40.6	0	20.7	-9.3	1	1	2.69	8.00	7.93	0.50	5488	80.4	20.3	40.6	0	21.3	-9.3	1	0	24.3	0	0	502626
 95.3860289	2024	361.4	0.61	0.060	652	40.6	0	21.2	-9.2	0.12	0.59	0.061	5540	80.3	20.6	40.6	0	20.7	-9.3	1	1	2.69	8.00	7.93	0.50	5488	80.5	20.3	40.6	0	21.3	-9.3	1	0	24.3	0	0	502827
 95.3860405	2024	362.4	0.61	0.060	652	40.6	0	21.2	-9.2	0.12	0.58	0.061	5540	80.3	20.6	40.6	0	20.7	-9.3	1	1	2.69	8.00	7.93	0.50	5488	80.4	20.3	40.6	0	21.3	-9.3	1	0	24.3	0	0	503026
 95.3860521	2024	363.4	0.61	0.060	652	40.6	0	21.2	-9.2	0.12	0.58	0.059	5542	80.3	20.6	40.6	0	20.7	-9.3	1	1	2.69	8.01	7.93	0.50	5488	80.2	20.3	40.6	0	21.3	-9.3	1	0	24.3	0	0	503226
 95.3860637	2024	364.4	0.61	0.060	652	40.6	0	21.2	-9.2	0.12	0.59	0.058	5542	80.4	20.6	40.6	0	20.7	-9.3	1	1	2.69	7.99	7.93	0.50	5488	79.9	20.3	40.6	0	21.3	-9.3	1	0	24.3	0	0	503427
 95.3860752	2024	365.4	0.61	0.060	652	40.6	0	21.2	-9.2	0.12	0.59	0.057	5542	80.5	20.6	40.6	0	20.7	-9.3	1	1	2.69	7.99	7.93	0.50	5488	79.4	20.3	40.6	0	21.3	-9.3	1	0	24.3	0	0	503626
 95.3860868	2024	366.4	0.61	0.059	652	40.5	0	21.2	-9.2	0.12	0.59	0.057	5542	80.6	20.6	40.5	0	20.7	-9.3	1	1	2.69	7.99	7.93	0.50	5488	79.2	20.3	40.6	0	21.3	-9.3	1	0	24.3	0	0	503827
 95.3860984	2024	367.4	0.61	0.060	652	40.5	0	21.2	-9.2	0.12	0.59	0.057	5542	80.8	20.6	40.5	0	20.7	-9.3	1	1	2.69	7.99	7.93	0.50	5488	79.1	20.3	40.6	0	21.3	-9.3	1	0	24.3	0	0	504026
 95.3861100	2024	368.4	0.61	0.060	652	40.5	0	21.2	-9.2	0.12	0.59	0.057	5542	80.9	20.6	40.5	0	20.7	-9.3	1	1	2.69	8.00	7.93	0.50	5488	79.1	20.3	40.6	0	21.3	-9.3	1	0	24.3	0	0	504227
 95.3861215	2024	369.4	0.61	0.060	652	40.5	0	21.2	-9.2	0.12	0.60	0.057	5542	80.9	20.6	40.5	0	20.7	-9.3	1	1	2.69	7.99	7.93	0.50	5488	79.1	20.3	40.6	0	21.3	-9.3	1	0	24.3	0	0	504426
 95.3861331	2024	370.4	0.61	0.060	652	40.5	0	21.2	-9.2	0.12	0.60	0.058	5542	80.9	20.6	40.5	0	20.7	-9.3	1	1	2.69	7.99	7.93	0.50	5488	79.2	20.3	40.6	0	21.3	-9.3	1	0	24.3	0	0	504627
 95.3861447	2024	371.4	0.61	0.060	652	40.5	0	21.2	-9.2	0.12	0.60	0.059	5542	80.9	20.6	40.5	0	20.7	-9.3	1	1	2.69	7.99	7.93	0.50	5488	79.5	20.3	40.6	0	21.3	-9.3	1	0	24.2	0	0	504826
 95.3861563	2024	372.4	0.61	0.061	652	40.5	0	21.2	-9.2	0.12	0.60	0.060	5540	80.9	20.6	40.5	0	20.7	-9.3	1	1	2.69	8.00	7.93	0.50	5488	79.8	20.4	40.6	0	21.3	-9.3	1	0	24.2	0	0	505026
 95.3861678	2024	373.4	0.61	0.060	652	40.4	0	21.2	-9.2	0.12	0.60	0.060	5540	80.9	20.6	40.4	0	20.7	-9.3	1	1	2.69	8.00	7.93	0.50	5488	80.4	20.6	40.6	0	21.3	-9.3	1	0	24.2	0	0	505227
 95.3861794	2024	374.4	0.61	0.060	652	40.4	0	21.2	-9.2	0.12	0.60	0.061	5540	80.9	20.6	40.4	0	20.7	-9.3	1	1	2.69	7.99	7.93	0.50	5488	80.4	20.3	40.6	0	21.3	-9.3	1	0	24.2	0	0	505426
 95.3861910	2024	375.4	0.61	0.060	652	40.4	0	21.2	-9.2	0.12	0.60	0.061	5540	80.9	20.6	40.4	0	20.7	-9.3	1	1	2.69	8.00	7.93	0.50	5488	80.4	20.4	40.5	0	21.3	-9.3	1	0	24.2	0	0	505626
 95.3862025	2024	376.4	0.61	0.060	652	40.4	0	21.2	-9.2	0.12	0.59	0.061	5540	80.9	20.6	40.4	0	20.7	-9.3	1	1	2.69	8.00	7.93	0.50	5488	80.3	20.3	40.5	0	21.3	-9.3	1	0	24.2	0	0	505826
 95.3862141	2024	377.4	0.61	0.060	652	40.4	0	21.2	-9.2	0.12	0.59	0.061	5540	80.9	20.6	40.4	0	20.7	-9.3	1	1	2.69	8.01	7.92	0.50	5488	80.0	20.4	40.5	0	21.3	-9.3	1	0	24.2	0	0	506026
 95.3862257	2024	378.4	0.61	0.060	652	40.4	0	21.2	-9.2	0.12	0.59	0.061	5540	80.9	20.6	40.4	0	20.7	-9.3	1	1	2.69	7.99	7.93	0.50	5488	79.4	20.3	40.5	0	21.3	-9.3	1	0	24.2	0	0	506227
 95.3862373	2024	379.4	0.61	0.060	652	40.3	0	21.2	-9.2	0.12	0.59	0.060	5540	81.0	20.6	40.3	0	20.7	-9.3	1	1	2.69	7.98	7.93	0.50	5488	79.1	20.3	40.5	0	21.3	-9.3	1	0	24.2	0	0	506426
 95.3862488	2024	380.4	0.61	0.060	652	40.3	0	21.2	-9.2	0.12	0.59	0.060	5540	81.1	20.6	40.3	0	20.7	-9.3	1	1	2.69	7.99	7.93	0.50	5488	78.6	20.3	40.5	0	21.3	-9.3	1	0	24.2	0	0	506626
 95.3862604	2024	381.4	0.61	0.060	652	40.3	0	21.2	-9.2	0.12	0.59	0.059	5542	81.2	20.6	40.3	0	20.7	-9.3	1	1	2.69	8.01	7.93	0.50	5488	78.3	20.3	40.4	0	21.3	-9.3	1	0	24.2	0	0	506826
 95.3862720	2024	382.4	0.61	0.060	652	40.3	0	21.2	-9.2	0.12	0.59	0.059	5542	81.4	20.6	40.3	0	20.7	-9.3	1	1	2.69	8.00	7.93	0.50	5488	78.4	20.3	40.4	0	21.3	-9.3	1	0	24.2	0	0	507027
 95.3862836	2024	383.4	0.61	0.060	652	40.3	0	21.2	-9.2	0.12	0.59	0.059	5542	81.5	20.6	40.3	0	20.7	-9.3	1	1	2.69	7.99	7.93	0.50	5488	78.4	20.3	40.4	0	21.4	-9.3	1	0	24.2	0	0	507226
 95.3862951	2024	384.4	0.61	0.060	652	40.2	0	21.2	-9.2	0.12	0.59	0.059	5542	81.5	20.6	40.2	0	20.7	-9.3	1	1	2.69	8.00	7.93	0.50	5488	78.2	20.3	40.4	0	21.3	-9.3	1	0	24.2	0	0	507427
 95.3863067	2024	385.4	0.61	0.057	651	40.2	0	21.2	-9.2	0.12	0.60	0.055	5540	81.5	20.6	40.2	0	20.7	-9.3	1	1	2.66	7.95	7.93	0.49	5486	78.7	20.3	40.4	0	21.4	-9.3	1	0	24.2	0	0	507626
 95.3863183	2024	386.4	0.61	0.056	651	40.2	0	21.2	-9.2	0.13	0.60	0.053	5540	81.4	20.6	40.2	0	20.7	-9.3	1	1	2.64	7.96	7.94	0.49	5484	79.0	20.4	40.4	0	21.4	-9.3	1	0	24.2	0	0	507827
 95.3863299	2024	387.4	0.61	0.057	651	40.2	0	21.2	-9.2	0.13	0.60	0.053	5538	81.4	20.6	40.2	0	20.7	-9.3	1	1	2.64	7.96	7.93	0.50	5482	79.6	20.6	40.3	0	21.4	-9.3	1	0	24.2	0	0	508026
 95.3863414	2024	388.4	0.61	0.056	651	40.2	0	21.2	-9.2	0.13	0.61	0.055	5536	81.4	20.6	40.2	0	20.7	-9.3	1	1	2.64	7.95	7.93	0.50	5482	79.7	20.4	40.3	0	21.4	-9.3	1	0	24.2	0	0	508226
 95.3863530	2024	389.4	0.61	0.056	651	40.1	160	21.2	-9.2	0.13	0.61	0.057	5535	81.4	20.6	40.1	160	20.8	-9.3	1	1	2.64	7.97	7.93	0.50	5482	79.9	20.3	40.3	0	21.4	-9.3	1	0	24.2	0	0	508426
 95.3863646	2024	390.4	0.61	0.056	651	40.1	160	21.2	-9.2	0.13	0.61	0.060	5533	81.4	20.6	40.1	160	20.8	-9.3	1	1	2.64	7.96	7.93	0.50	5481	79.8	20.3	40.3	0	21.4	-9.3	1	0	24.2	0	0	508627
 95.3863762	2024	391.4	0.61	0.057	651	40.1	160	21.2	-9.2	0.13	0.61	0.061	5533	81.4	20.6	40.1	160	20.7	-9.3	1	1	2.64	7.96	7.93	0.50	5481	79.6	20.3	40.3	0	21.4	-9.3	1	0	24.2	0	0	508827
 95.3863877	2024	392.4	0.61	0.058	651	40.1	160	21.2	-9.2	0.12	0.61	0.064	5531	81.4	20.6	40.1	160	20.7	-9.3	1	1	2.64	7.98	7.93	0.50	5481	79.3	20.3	40.3	0	21.4	-9.3	1	0	24.2	0	0	509027
 95.3863993	2024	393.4	0.61	0.059	651	40.1	160	21.2	-9.2	0.12	0.60	0.066	5531	81.4	20.6	40.1	160	20.7	-9.3	1	1	2.64	7.96	7.93	0.50	5481	78.9	20.3	40.2	0	21.4	-9.3	1	0	24.2	0	0	509226
 95.3864109	2024	394.4	0.61	0.060	651	40.1	160	21.2	-9.2	0.12	0.60	0.068	5531	81.4	20.6	40.1	160	20.7	-9.3	1	1	2.64	7.97	7.93	0.50	5482	78.4	20.4	40.2	0	21.4	-9.3	1	0	24.2	0	0	509426
 95.3864225	2024	395.4	0.61	0.061	651	40.1	160	21.2	-9.2	0.12	0.59	0.068	5531	81.4	20.6	40.1	160	20.7	-9.3	1	1	2.64	7.97	7.93	0.50	5481	78.2	20.3	40.2	0	21.4	-9.3	1	0	24.2	0	0	509626
 95.3864340	2024	396.4	0.61	0.062	651	40.2	0	21.2	-9.2	0.12	0.58	0.067	5531	81.3	20.7	40.2	0	20.8	-9.3	1	1	2.64	7.96	7.93	0.50	5482	78.4	20.3	40.2	0	21.4	-9.3	1	0	24.2	0	0	509826
 95.3864456	2024	397.4	0.61	0.063	651	40.2	0	21.2	-9.2	0.12	0.58	0.066	5533	81.3	20.7	40.2	0	20.8	-9.3	1	1	2.64	7.97	7.92	0.50	5482	78.4	20.3	40.2	0	21.4	-9.3	1	0	24.2	0	0	510027
 95.3864572	2024	398.4	0.61	0.063	651	40.3	0	21.2	-9.2	0.12	0.58	0.063	5533	81.2	20.7	40.3	0	20.8	-9.3	1	1	2.64	7.98	7.93	0.50	5482	78.7	20.3	40.1	160	21.4	-9.3	1	0	24.2	0	0	510226
 95.3864688	2024	399.4	0.61	0.063	651	40.3	0	21.2	-9.2	0.12	0.58	0.061	5535	81.2	20.7	40.3	0	20.8	-9.3	1	1	2.64	7.96	7.93	0.50	5482	79.1	20.4	40.1	160	21.4	-9.3	1	0	24.2	0	0	510427
 95.3864803	2024	400.4	0.61	0.062	651	40.4	0	21.2	-9.2	0.12	0.58	0.058	5535	81.2	20.7	40.4	0	20.8	-9.3	1	1	2.64	7.97	7.93	0.50	5482	79.7	20.5	40.1	160	21.4	-9.3	1	0	24.2	0	0	510626
 95.3864919	2024	401.4	0.61	0.062	651	40.4	0	21.2	-9.2	0.12	0.58	0.056	5536	81.2	20.7	40.5	0	20.8	-9.3	1	1	2.64	7.97	7.93	0.50	5482	79.9	20.4	40.1	160	21.4	-9.3	1	0	24.2	0	0	510826
 95.3865035	2024	402.4	0.61	0.062	651	40.5	0	21.2	-9.2	0.12	0.58	0.055	5538	81.2	20.7	40.5	0	20.8	-9.3	1	1	2.64	7.96	7.93	0.50	5482	80.2	20.3	40.1	160	21.4	-9.3	1	0	24.2	0	0	511027
 95.3865150	2024	403.4	0.61	0.061	651	40.5	0	21.2	-9.2	0.12	0.58	0.054	5538	81.2	20.7	40.5	0	20.8	-9.3	1	1	2.64	7.98	7.93	0.50	5484	80.2	20.3	40.1	160	21.4	-9.3	1	0	24.2	0	0	511226
 95.3865266	2024	404.4	0.61	0.060	651	40.5	0	21.2	-9.2	0.12	0.59	0.055	5538	81.3	20.7	40.6	0	20.8	-9.3	1	1	2.64	7.96	7.93	0.50	5484	80.0	20.3	40.1	160	21.4	-9.3	1	0	24.2	0	0	511426
 95.3865382	2024	405.4	0.61	0.059	651	40.5	0	21.2	-9.2	0.12	0.59	0.055	5538	81.4	20.7	40.6	0	20.8	-9.3	1	1	2.64	7.96	7.92	0.50	5484	79.9	20.3	40.2	0	21.4	-9.3	1	0	24.2	0	0	511627
 95.3865498	2024	406.4	0.61	0.059	651	40.5	0	21.2	-9.2	0.12	0.60	0.057	5536	81.4	20.7	40.6	0	20.8	-9.3	1	1	2.64	7.97	7.93	0.50	5484	79.3	20.3	40.2	0	21.4	-9.3	1	0	24.2	0	0	511826
 95.3865613	2024	407.4	0.61	0.058	651	40.5	0	21.2	-9.2	0.12	0.60	0.058	5536	81.5	20.7	40.6	0	20.8	-9.3	1	1	2.64	7.99	7.93	0.50	5484	79.0	20.3	40.3	0	21.4	-9.3	1	0	24.2	0	0	512027
 95.3865729	2024	408.4	0.61	0.058	651	40.5	0	21.2	-9.2	0.12	0.60	0.059	5536	81.6	20.7	40.6	0	20.8	-9.3	1	1	2.64	7.96	7.93	0.50	5484	78.8	20.3	40.4	0	21.4	-9.3	1	0	24.2	0	0	512226
 95.3865845	2024	409.4	0.61	0.059	651	40.5	0	21.2	-9.2	0.12	0.60	0.059	5536	81.6	20.7	40.6	0	20.8	-9.3	1	1	2.64	7.97	7.93	0.50	5484	78.6	20.3	40.4	0	21.4	-9.3	1	0	24.2	0	0	512427
 95.3865961	2024	410.4	0.61	0.059	651	40.5	0	21.2	-9.2	0.12	0.60	0.061	5535	81.6	20.7	40.6	0	20.8	-9.3	1	1	2.64	7.97	7.93	0.50	5484	78.8	20.3	40.5	0	21.4	-9.3	1	0	24.2	0	0	512626
 95.3866076	2024	411.4	0.61	0.059	651	40.5	0	21.2	-9.2	0.12	0.60	0.061	5535	81.7	20.7	40.6	0	20.8	-9.3	1	1	2.64	7.97	7.93	0.50	5484	78.9	20.3	40.5	0	21.4	-9.3	1	0	24.2	0	0	512827
 95.3866192	2024	412.4	0.61	0.059	651	40.5	0	21.2	-9.2	0.12	0.60	0.062	5535	81.7	20.7	40.6	0	20.8	-9.3	1	1	2.64	7.99	7.93	0.50	5482	79.0	20.3	40.6	0	21.4	-9.3	1	0	24.2	0	0	513026
 95.3866308	2024	413.4	0.61	0.059	651	40.5	0	21.2	-9.2	0.12	0.60	0.063	5535	81.6	20.7	40.6	0	20.8	-9.3	1	1	2.64	7.98	7.93	0.50	5482	79.3	20.3	40.6	0	21.4	-9.3	1	0	24.1	0	0	513227
 95.3866424	2024	414.4	0.61	0.058	651	40.5	0	21.2	-9.2	0.12	0.60	0.063	5535	81.6	20.7	40.6	0	20.8	-9.3	1	1	2.64	7.96	7.93	0.50	5482	79.9	20.4	40.6	0	21.4	-9.3	1	0	24.1	0	0	513426
 95.3866539	2024	415.4	0.61	0.058	651	40.5	0	21.2	-9.2	0.12	0.59	0.063	5535	81.6	20.7	40.6	0	20.8	-9.3	1	1	2.64	7.95	7.93	0.50	5482	80.4	20.6	40.6	0	21.4	-9.3	1	0	24.1	0	0	513626
 95.3866655	2024	416.4	0.61	0.059	651	40.5	0	21.2	-9.2	0.12	0.59	0.063	5535	81.7	20.7	40.5	0	20.8	-9.3	1	1	2.63	7.99	7.93	0.50	5484	80.5	20.4	40.6	0	21.4	-9.3	1	0	24.1	0	0	513826
 95.3866771	2024	417.4	0.61	0.060	651	40.5	0	21.2	-9.2	0.12	0.59	0.063	5535	81.7	20.7	40.5	0	20.8	-9.3	1	1	2.64	7.99	7.93	0.50	5484	80.5	20.4	40.6	0	21.4	-9.3	1	0	24.1	0	0	514027
 95.3866887	2024	418.4	0.61	0.061	651	40.4	0	21.2	-9.2	0.12	0.59	0.063	5535	81.7	20.7	40.5	0	20.8	-9.3	1	1	2.64	7.97	7.93	0.50	5484	80.4	20.4	40.6	0	21.4	-9.3	1	0	24.1	0	0	514226
 95.3867002	2024	419.4	0.61	0.062	651	40.4	0	21.2	-9.2	0.12	0.59	0.062	5536	81.7	20.7	40.5	0	20.8	-9.3	1	1	2.64	7.97	7.93	0.50	5484	79.9	20.3	40.6	0	21.4	-9.3	1	0	24.1	0	0	514427
 95.3867118	2024	420.4	0.61	0.062	651	40.4	0	21.2	-9.2	0.12	0.59	0.061	5536	81.7	20.7	40.5	0	20.8	-9.3	1	1	2.64	7.99	7.93	0.50	5484	79.3	20.3	40.6	0	21.4	-9.3	1	0	24.1	0	0	514626
 95.3867234	2024	421.4	0.61	0.062	651	40.4	0	21.2	-9.2	0.12	0.59	0.060	5536	81.7	20.7	40.5	0	20.8	-9.3	1	1	2.64	8.00	7.93	0.50	5486	78.8	20.3	40.6	0	21.4	-9.3	1	0	24.1	0	0	514827
 95.3867350	2024	422.4	0.61	0.062	651	40.4	0	21.2	-9.2	0.12	0.59	0.059	5538	81.7	20.7	40.4	0	20.8	-9.3	1	1	2.64	7.98	7.93	0.50	5486	78.5	20.3	40.6	0	21.4	-9.3	1	0	24.1	0	0	515026
 95.3867465	2024	423.4	0.61	0.061	651	40.4	0	21.2	-9.2	0.12	0.59	0.058	5538	81.8	20.7	40.4	0	20.8	-9.3	1	1	2.64	8.00	7.93	0.50	5486	78.3	20.4	40.6	0	21.4	-9.3	1	0	24.1	0	0	515227
 95.3867581	2024	424.4	0.61	0.061	651	40.3	0	21.2	-9.2	0.12	0.59	0.058	5538	81.9	20.7	40.4	0	20.8	-9.3	1	1	2.64	7.98	7.93	0.50	5486	78.3	20.3	40.6	0	21.4	-9.3	1	0	24.1	0	0	515426
 95.3867697	2024	425.4	0.61	0.061	651	40.3	0	21.2	-9.2	0.12	0.59	0.058	5538	81.9	20.7	40.4	0	20.8	-9.3	1	1	2.64	7.98	7.94	0.50	5486	78.5	20.4	40.6	0	21.4	-9.3	1	0	24.1	0	0	515627
 95.3867813	2024	426.4	0.61	0.061	651	40.3	0	21.2	-9.2	0.12	0.59	0.058	5540	82.0	20.7	40.4	0	20.8	-9.3	1	1	2.64	7.99	7.93	0.50	5486	78.5	20.4	40.5	0	21.4	-9.3	1	0	24.1	0	0	515826
 95.3867928	2024	427.4	0.61	0.061	651	40.3	0	21.2	-9.2	0.12	0.59	0.058	5540	82.0	20.7	40.4	0	20.8	-9.3	1	1	2.64	7.98	7.93	0.50	5486	78.8	20.4	40.5	0	21.4	-9.3	1	0	24.1	0	0	516027
 95.3868044	2024	428.4	0.61	0.060	651	40.3	0	21.2	-9.2	0.12	0.60	0.059	5538	82.0	20.7	40.3	0	20.8	-9.3	1	1	2.64	7.99	7.93	0.50	5486	79.2	20.4	40.5	0	21.4	-9.3	1	0	24.1	0	0	516226
 95.3868160	2024	429.4	0.61	0.058	651	40.2	0	21.2	-9.2	0.12	0.60	0.057	5538	82.0	20.7	40.3	0	20.8	-9.3	1	1	2.62	7.97	7.93	0.50	5484	79.9	20.6	40.5	0	21.4	-9.3	1	0	24.1	0	0	516427
 95.3868275	2024	430.4	0.61	0.057	651	40.2	0	21.2	-9.2	0.12	0.60	0.056	5538	82.1	20.7	40.3	0	20.8	-9.3	1	1	2.62	7.97	7.94	0.50	5484	80.2	20.4	40.5	0	21.4	-9.3	1	0	24.1	0	0	516626
 95.3868391	2024	431.4	0.61	0.058	651	40.2	0	21.2	-9.2	0.12	0.60	0.057	5536	82.1	20.7	40.3	0	20.8	-9.3	1	1	2.62	7.98	7.93	0.50	5482	80.3	20.4	40.5	0	21.4	-9.3	1	0	24.1	0	0	516827
 95.3868507	2024	432.4	0.61	0.058	651	40.2	0	21.2	-9.2	0.12	0.60	0.058	5536	82.1	20.7	40.3	0	20.8	-9.3	1	1	2.62	7.96	7.92	0.50	5484	80.3	20.4	40.5	0	21.4	-9.3	1	0	24.1	0	0	517026
 95.3868623	2024	433.4	0.61	0.059	651	40.2	0	21.2	-9.2	0.12	0.60	0.059	5535	82.2	20.7	40.2	0	20.8	-9.3	1	1	2.62	7.98	7.93	0.50	5482	80.3	20.4	40.4	0	21.4	-9.3	1	0	24.1	0	0	517226
 95.3868738	2024	434.4	0.61	0.058	651	40.2	0	21.2	-9.2	0.12	0.60	0.061	5535	82.2	20.7	40.2	0	20.8	-9.3	1	1	2.62	7.97	7.93	0.50	5482	80.0	20.4	40.4	0	21.4	-9.3	1	0	24.1	0	0	517427
 95.3868854	2024	435.4	0.61	0.058	651	40.1	160	21.2	-9.2	0.12	0.60	0.063	5535	82.2	20.7	40.2	0	20.8	-9.3	1	1	2.62	7.97	7.93	0.50	5482	79.4	20.4	40.4	0	21.4	-9.3	1	0	24.1	0	0	517626
 95.3868970	2024	436.4	0.61	0.058	651	40.1	160	21.2	-9.2	0.12	0.60	0.064	5533	82.2	20.7	40.2	0	20.8	-9.3	1	1	2.62	7.97	7.93	0.50	5484	79.0	20.4	40.4	0	21.4	-9.3	1	0	24.1	0	0	517826
 95.3869086	2024	437.4	0.61	0.058	651	40.1	160	21.2	-9.2	0.12	0.60	0.064	5533	82.2	20.7	40.2	0	20.8	-9.3	1	1	2.62	7.98	7.93	0.50	5482	78.8	20.4	40.4	0	21.4	-9.3	1	0	24.0	0	0	518027
 95.3869201	2024	438.4	0.61	0.058	651	40.1	160	21.2	-9.2	0.12	0.60	0.064	5533	82.2	20.7	40.2	0	20.8	-9.3	1	1	2.62	7.97	7.93	0.50	5482	78.6	20.4	40.4	0	21.4	-9.3	1	0	24.0	0	0	518226
 95.3869317	2024	439.4	0.61	0.058	651	40.1	160	21.3	-9.2	0.12	0.60	0.064	5533	82.2	20.7	40.1	160	20.8	-9.3	1	1	2.62	7.98	7.93	0.50	5482	78.7	20.4	40.3	0	21.4	-9.3	1	0	24.0	0	0	518426
 95.3869433	2024	440.4	0.60	0.056	651	40.1	160	21.3	-9.2	0.12	0.59	0.063	5535	82.2	20.7	40.1	160	20.8	-9.3	1	1	2.62	7.97	7.93	0.50	5482	78.7	20.4	40.3	0	21.4	-9.3	1	0	24.0	0	0	518626
 95.3869549	2024	441.4	0.61	0.055	651	40.2	0	21.3	-9.2	0.12	0.59	0.063	5533	82.2	20.7	40.1	160	20.8	-9.3	1	1	2.62	7.98	7.93	0.50	5482	79.1	20.4	40.3	0	21.4	-9.3	1	0	24.0	0	0	518826
 95.3869664	2024	442.4	0.60	0.053	651	40.2	0	21.3	-9.2	0.12	0.59	0.062	5535	82.1	20.7	40.1	160	20.8	-9.3	1	1	2.62	7.96	7.93	0.50	5482	79.8	20.7	40.3	0	21.4	-9.3	1	0	24.0	0	0	519026
 95.3869780	2024	443.4	0.61	0.053	651	40.3	0	21.3	-9.2	0.12	0.59	0.061	5535	82.2	20.7	40.1	160	20.8	-9.3	1	1	2.62	7.98	7.93	0.50	5484	79.9	20.5	40.3	0	21.4	-9.3	1	0	24.0	0	0	519226
 95.3869896	2024	444.4	0.60	0.050	652	40.3	0	21.3	-9.2	0.12	0.59	0.060	5535	82.2	20.7	40.1	160	20.8	-9.3	1	1	2.62	7.96	7.93	0.50	5482	80.1	20.4	40.2	0	21.4	-9.3	1	0	24.0	0	0	519427
 95.3870012	2024	445.4	0.61	0.049	652	40.4	0	21.3	-9.2	0.12	0.59	0.059	5536	82.2	20.7	40.1	160	20.8	-9.3	1	1	2.62	7.97	7.93	0.50	5484	80.0	20.4	40.2	0	21.4	-9.3	1	0	24.0	0	0	519627
 95.3870127	2024	446.4	0.60	0.046	652	40.4	0	21.3	-9.2	0.12	0.59	0.059	5536	82.2	20.7	40.2	0	20.8	-9.3	1	1	2.62	7.96	7.93	0.50	5484	79.8	20.5	40.2	0	21.4	-9.3	1	0	24.0	0	0	519826
 95.3870243	2024	447.4	0.61	0.045	652	40.5	0	21.3	-9.2	0.12	0.59	0.058	5536	82.2	20.7	40.2	0	20.8	-9.3	1	1	2.61	7.96	7.93	0.50	5484	79.2	20.4	40.2	0	21.4	-9.3	1	0	24.0	0	0	520027
 95.3870359	2024	448.4	0.60	0.040	652	40.5	0	21.3	-9.2	0.12	0.59	0.059	5536	82.2	20.7	40.3	0	20.8	-9.3	1	1	2.61	7.95	7.93	0.50	5484	78.8	20.4	40.2	0	21.4	-9.3	1	0	24.0	0	0	520226
 95.3870475	2024	449.4	0.60	0.035	652	40.5	0	21.3	-9.2	0.12	0.59	0.059	5538	82.2	20.7	40.4	0	20.8	-9.3	1	1	2.62	7.96	7.93	0.50	5484	78.4	20.4	40.2	0	21.4	-9.3	1	0	24.0	0	0	520427
 95.3870590	2024	450.4	0.60	0.030	653	40.5	0	21.3	-9.2	0.12	0.59	0.060	5538	82.2	20.7	40.4	0	20.8	-9.3	1	1	2.61	7.96	7.93	0.50	5484	78.2	20.4	40.1	160	21.4	-9.3	1	0	24.0	0	0	520626
 95.3870706	2024	451.4	0.60	0.028	653	40.6	0	21.3	-9.2	0.12	0.59	0.060	5538	82.2	20.7	40.5	0	20.8	-9.3	1	1	2.61	7.97	7.93	0.50	5486	78.2	20.4	40.1	160	21.4	-9.3	1	0	24.0	0	0	520827
 95.3870822	2024	452.4	0.60	0.025	653	40.6	0	21.3	-9.2	0.12	0.59	0.061	5538	82.2	20.7	40.5	0	20.8	-9.3	1	1	2.61	7.96	7.93	0.50	5486	78.2	20.4	40.1	160	21.4	-9.3	1	0	24.0	0	0	521026
 95.3870938	2024	453.4	0.61	0.025	653	40.6	0	21.3	-9.2	0.12	0.59	0.061	5538	82.2	20.7	40.6	0	20.8	-9.3	1	1	2.61	7.97	7.93	0.50	5486	78.4	20.4	40.1	160	21.4	-9.3	1	0	24.0	0	0	521227
 95.3871053	2024	454.4	0.60	0.024	653	40.6	0	21.3	-9.2	0.12	0.59	0.062	5538	82.2	20.7	40.6	0	20.8	-9.3	1	1	2.61	7.96	7.93	0.50	5486	78.5	20.4	40.1	160	21.4	-9.3	1	0	24.0	0	0	521426
 95.3871169	2024	455.4	0.61	0.026	653	40.6	0	21.3	-9.2	0.12	0.59	0.061	5538	82.2	20.7	40.6	0	20.8	-9.3	1	1	2.62	7.98	7.93	0.50	5486	78.9	20.4	40.1	160	21.4	-9.3	1	0	24.0	0	0	521627
 95.3871285	2024	456.4	0.62	0.031	653	40.5	0	21.3	-9.2	0.12	0.59	0.060	5538	82.2	20.7	40.6	0	20.8	-9.3	1	1	2.62	7.97	7.93	0.50	5486	79.4	20.5	40.1	160	21.4	-9.3	1	0	24.0	0	0	521826
 95.3871400	2024	457.4	0.62	0.040	652	40.5	0	21.3	-9.2	0.12	0.59	0.056	5538	82.3	20.7	40.6	0	20.8	-9.3	1	1	2.59	7.95	7.93	0.49	5484	80.0	20.7	40.2	0	21.4	-9.3	1	0	24.0	0	0	522027
 95.3871516	2024	458.4	0.63	0.050	651	40.5	0	21.3	-9.2	0.12	0.60	0.053	5538	82.3	20.7	40.6	0	20.8	-9.3	1	1	2.58	7.95	7.93	0.49	5482	80.3	20.5	40.2	0	21.4	-9.3	1	0	24.0	0	0	522227
 95.3871632	2024	459.4	0.62	0.061	651	40.5	0	21.3	-9.2	0.12	0.60	0.052	5536	82.3	20.7	40.6	0	20.8	-9.3	1	1	2.58	7.96	7.93	0.50	5482	80.4	20.4	40.3	0	21.4	-9.3	1	0	24.0	0	0	522427
 95.3871748	2024	460.4	0.62	0.067	651	40.5	0	21.3	-9.2	0.13	0.61	0.052	5536	82.4	20.7	40.6	0	20.8	-9.3	1	1	2.58	7.95	7.93	0.49	5481	80.3	20.5	40.4	0	21.4	-9.3	1	0	23.9	0	0	522626
 95.3871863	2024	461.4	0.62	0.072	650	40.5	0	21.3	-9.2	0.13	0.61	0.053	5535	82.4	20.7	40.6	0	20.8	-9.3	1	1	2.59	7.97	7.94	0.50	5481	80.0	20.4	40.4	0	21.4	-9.3	1	0	23.9	0	0	522826
 95.3871979	2024	462.4	0.62	0.075	650	40.5	0	21.3	-9.2	0.13	0.62	0.056	5533	82.4	20.7	40.6	0	20.8	-9.3	1	1	2.59	7.95	7.93	0.50	5479	79.5	20.4	40.5	0	21.4	-9.3	1	0	23.9	0	0	523026
 95.3872095	2024	463.4	0.62	0.077	650	40.5	0	21.3	-9.2	0.13	0.61	0.058	5531	82.4	20.7	40.6	0	20.8	-9.3	1	1	2.58	7.96	7.92	0.50	5479	78.9	20.4	40.5	0	21.4	-9.3	1	0	23.9	0	0	523226
 95.3872211	2024	464.4	0.61	0.075	650	40.5	0	21.3	-9.2	0.13	0.61	0.062	5529	82.5	20.7	40.6	0	20.8	-9.3	1	1	2.58	7.96	7.93	0.50	5479	78.7	20.4	40.5	0	21.4	-9.3	1	0	23.9	0	0	523426
 95.3872326	2024	465.4	0.61	0.070	650	40.4	0	21.3	-9.2	0.13	0.61	0.065	5527	82.5	20.7	40.6	0	20.8	-9.3	1	1	2.58	7.96	7.93	0.50	5477	78.4	20.4	40.6	0	21.4	-9.3	1	0	23.9	0	0	523627
 95.3872442	2024	466.4	0.61	0.067	650	40.4	0	21.3	-9.2	0.12	0.60	0.068	5526	82.5	20.7	40.6	0	20.8	-9.3	1	1	2.58	7.97	7.93	0.50	5477	78.4	20.4	40.6	0	21.4	-9.3	1	0	23.9	0	0	523826
 95.3872558	2024	467.4	0.61	0.065	650	40.4	0	21.3	-9.2	0.12	0.60	0.070	5526	82.6	20.7	40.5	0	20.8	-9.3	1	1	2.58	7.97	7.93	0.50	5477	78.5	20.4	40.6	0	21.4	-9.3	1	0	23.9	0	0	524026
 95.3872674	2024	468.4	0.61	0.063	651	40.4	0	21.3	-9.2	0.12	0.59	0.069	5526	82.6	20.7	40.5	0	20.8	-9.3	1	1	2.58	7.97	7.93	0.50	5477	78.7	20.4	40.6	0	21.4	-9.3	1	0	23.9	0	0	524227
 95.3872789	2024	469.4	0.61	0.060	651	40.4	0	21.3	-9.2	0.12	0.59	0.069	5526	82.6	20.7	40.5	0	20.8	-9.3	1	1	2.58	7.96	7.93	0.50	5477	79.0	20.5	40.6	0	21.4	-9.3	1	0	23.9	0	0	524426
 95.3872905	2024	470.4	0.60	0.055	651	40.3	0	21.3	-9.2	0.12	0.58	0.067	5527	82.6	20.7	40.5	0	20.8	-9.3	1	1	2.58	7.96	7.93	0.50	5477	79.6	20.7	40.6	0	21.4	-9.3	1	0	23.9	0	0	524626
 95.3873021	2024	471.4	0.61	0.051	651	40.3	0	21.3	-9.2	0.12	0.58	0.065	5529	82.6	20.7	40.5	0	20.8	-9.3	1	1	2.58	7.95	7.93	0.50	5479	79.6	20.4	40.6	0	21.4	-9.3	1	0	23.9	0	0	524826
 95.3873137	2024	472.4	0.61	0.051	651	40.3	0	21.3	-9.2	0.12	0.57	0.063	5531	82.6	20.7	40.5	0	20.8	-9.3	1	1	2.57	7.96	7.93	0.50	5479	79.8	20.4	40.6	0	21.4	-9.3	1	0	23.9	0	0	525027
 95.3873252	2024	473.4	0.61	0.053	651	40.3	0	21.3	-9.2	0.11	0.57	0.060	5533	82.6	20.7	40.4	0	20.8	-9.3	1	1	2.57	7.97	7.93	0.50	5479	79.7	20.4	40.6	0	21.4	-9.3	1	0	23.9	0	0	525226
 95.3873368	2024	474.4	0.61	0.055	651	40.3	0	21.3	-9.2	0.12	0.58	0.058	5533	82.6	20.8	40.4	0	20.8	-9.3	1	1	2.57	7.96	7.93	0.50	5479	79.6	20.4	40.6	0	21.4	-9.3	1	0	23.9	74	0	525427
 95.3873484	2024	475.4	0.61	0.057	651	40.3	0	21.3	-9.2	0.12	0.58	0.056	5535	82.7	20.8	40.4	0	20.8	-9.3	1	1	2.57	7.96	7.93	0.50	5481	79.3	20.4	40.6	0	21.4	-9.3	1	0	23.9	75	0	525626
 95.3873600	2024	476.4	0.61	0.059	651	40.2	0	21.3	-9.2	0.12	0.59	0.054	5535	82.6	20.8	40.4	0	20.8	-9.3	1	1	2.58	7.95	7.94	0.50	5481	79.0	20.4	40.6	0	21.4	-9.3	1	0	23.9	75	0	525826
 95.3873715	2024	477.4	0.61	0.060	651	40.2	0	21.3	-9.2	0.12	0.59	0.052	5536	82.6	20.8	40.4	0	20.8	-9.3	1	1	2.58	7.96	7.93	0.50	5481	78.8	20.4	40.6	0	21.4	-9.3	1	0	23.9	74	0	526027
 95.3873831	2024	478.4	0.62	0.063	651	40.2	0	21.3	-9.2	0.12	0.60	0.052	5536	82.6	20.8	40.4	0	20.8	-9.3	1	1	2.58	7.97	7.93	0.50	5481	78.7	20.4	40.5	0	21.4	-9.3	1	0	23.9	75	0	526226
 95.3873947	2024	479.4	0.62	0.067	651	40.2	0	21.3	-9.2	0.12	0.60	0.053	5536	82.6	20.8	40.3	0	20.8	-9.3	1	1	2.58	7.97	7.93	0.50	5481	78.7	20.4	40.5	0	21.4	-9.3	1	0	23.8	16	0	526426
 95.3874063	2024	480.4	0.61	0.067	651	40.2	0	21.3	-9.2	0.12	0.61	0.054	5535	82.6	20.8	40.3	0	20.8	-9.3	1	1	2.58	7.96	7.93	0.50	5481	78.7	20.4	40.5	0	21.4	-9.3	1	0	23.8	16	0	526626
 95.3874178	2024	481.4	0.61	0.064	651	40.1	160	21.3	-9.2	0.12	0.61	0.055	5535	82.6	20.8	40.3	0	20.8	-9.3	1	1	2.58	7.97	7.93	0.50	5481	78.8	20.4	40.5	0	21.4	-9.3	1	0	23.8	16	0	526826
 95.3874294	2024	482.4	0.61	0.064	651	40.1	160	21.3	-9.2	0.13	0.61	0.058	5533	82.6	20.8	40.3	0	20.8	-9.3	1	1	2.58	7.97	7.93	0.50	5481	79.1	20.4	40.5	0	21.4	-9.3	1	0	23.8	16	0	527026
 95.3874410	2024	483.4	0.62	0.060	651	40.1	160	21.3	-9.2	0.13	0.61	0.055	5531	82.6	20.8	40.3	0	20.8	-9.3	1	1	2.54	7.94	7.93	0.49	5477	79.6	20.6	40.5	0	21.4	-9.3	1	0	23.8	15	0	527227
