#Sample Average Data
#--------------------------------------------------------
#BMI DASH SN:   0
#BMI SEMS SN: 0
#--------------------------------------------------------
#StartTimeSt	EndTimeSt	StartYr	EndYr	StartSecs	EndSecs	Samp_Num	DO_Tot_Cnts	HO_Tot_Cnts	DO_Mode_Val	HO_Mode_Val	UpSt_Dia	UpSt_Sh_Targ	RH_Targ	HO_Rh_Av	HO_Rh_Sdev	HM_RH_Av	HM_Rh_Sdev	DO_Sh_Targ	DO_Sh_Av	DO_Sh_Sdev	DO_Samp_Targ	DO_Samp_Av	DO_Samp_Sdev	HO_Sh_Targ	HO_Sh_Av	HO_Sh_Sdev	HO_Samp_Targ	HO_Samp_Av	HO_Samp_Sdev	HM_Sh_Targ	HM_Sh_Av	HM_Sh_Sdev	HM_Xs_Targ	HM_Xs_Av	HM_Xs_Sdev	Samp_Xs_Targ	Samp_Xs_Av	Samp_Xs_Sdev
 95.3821030	 95.3823299	2024	2024	22.3	41.8	0	5	2	0.00	0.00	160.00	5.00	80.00	84.33	0.56	78.81	0.75	0.60	0.61	0.00	0.06	0.06	0.00	0.60	0.65	0.00	0.06	0.06	0.00	8.00	8.01	0.01	7.90	7.94	0.00	0.50	0.49	0.00
 95.3825671	 95.3827928	2024	2024	62.3	81.9	1	13	7	0.00	0.00	180.00	5.00	80.00	80.58	0.58	78.89	0.63	0.60	0.61	0.00	0.06	0.06	0.00	0.60	0.64	0.01	0.06	0.06	0.00	8.00	7.95	0.01	7.90	7.93	0.01	0.50	0.49	0.00
 95.3830301	 95.3832558	2024	2024	102.4	121.9	2	5	5	0.00	0.00	200.00	5.00	80.00	77.44	0.48	79.74	0.73	0.60	0.61	0.00	0.06	0.06	0.00	0.60	0.62	0.00	0.06	0.06	0.00	8.00	7.97	0.01	7.90	7.93	0.01	0.50	0.49	0.00
 95.3834931	 95.3837199	2024	2024	142.4	161.9	3	4	0	0.00	0.00	400.00	5.00	80.00	75.38	0.28	80.11	0.88	0.60	0.61	0.00	0.06	0.06	0.00	0.60	0.61	0.01	0.06	0.06	0.00	8.00	7.99	0.01	7.90	7.94	0.00	0.50	0.50	0.00
 95.3839572	 95.3841887	2024	2024	182.4	202.4	4	1	0	0.00	0.00	600.00	5.00	80.00	74.82	0.08	79.85	0.77	0.60	0.61	0.00	0.06	0.06	0.00	0.60	0.60	0.01	0.06	0.06	0.00	8.00	7.99	0.01	7.90	7.94	0.00	0.50	0.50	0.00
 95.3844201	 95.3846458	2024	2024	222.4	241.9	5	1	2	0.00	0.00	800.00	5.00	80.00	75.00	0.21	79.94	0.56	0.60	0.61	0.00	0.06	0.06	0.00	0.60	0.59	0.01	0.06	0.06	0.00	8.00	8.00	0.01	7.90	7.94	0.00	0.50	0.50	0.00
 95.3848831	 95.3851146	2024	2024	262.4	282.4	6	2	1	0.00	0.00	1000.00	5.00	80.00	76.25	0.17	80.33	0.77	0.60	0.61	0.00	0.06	0.06	0.00	0.60	0.59	0.01	0.06	0.06	0.00	8.00	8.00	0.01	7.90	7.94	0.00	0.50	0.50	0.00
 95.3853461	 95.3855775	2024	2024	302.4	322.4	7	1	3	0.00	0.00	800.00	5.00	80.00	78.03	0.28	80.21	0.52	0.60	0.61	0.00	0.06	0.06	0.00	0.60	0.59	0.01	0.06	0.06	0.00	8.00	8.00	0.01	7.90	7.93	0.00	0.50	0.50	0.00
 95.3858090	 95.3860405	2024	2024	342.4	362.4	8	0	1	0.00	0.00	600.00	5.00	80.00	80.02	0.25	79.47	0.74	0.60	0.61	0.00	0.06	0.06	0.00	0.60	0.59	0.01	0.06	0.06	0.00	8.00	7.99	0.01	7.90	7.93	0.00	0.50	0.50	0.00
 95.3862720	 95.3864977	2024	2024	382.4	401.9	9	0	2	0.00	0.00	400.00	5.00	80.00	81.37	0.10	79.04	0.64	0.60	0.61	0.00	0.06	0.06	0.00	0.60	0.59	0.01	0.06	0.06	0.00	8.00	7.97	0.01	7.90	7.93	0.00	0.50	0.50	0.00
 95.3867350	 95.3869606	2024	2024	422.4	441.9	10	1	5	0.00	0.00	200.00	5.00	80.00	82.06	0.15	79.22	0.73	0.60	0.61	0.00	0.06	0.06	0.00	0.60	0.60	0.01	0.06	0.06	0.00	8.00	7.98	0.01	7.90	7.93	0.00	0.50	0.50	0.00
 95.3871979	 95.3874236	2024	2024	462.4	481.9	11	5	3	0.00	0.00	180.00	5.00	80.00	82.57	0.08	79.02	0.45	0.60	0.61	0.00	0.06	0.06	0.01	0.60	0.59	0.01	0.06	0.06	0.01	8.00	7.96	0.01	7.90	7.93	0.00	0.50	0.50	0.00
