#SEMS Data
#--------------------------------------------------------
#BMI DASH SN:   0
#BMI SEMS SN:   0
#--------------------------------------------------------
#DOY.Frac	YYYY	Secs	UpSt_Sh	UpSt_Xs	UpSt_Samp	UpSt_FAdj	UpSt_Rh	UpSt_T	UpSt_Press	UpSt_Dia	UpSt_HV
 95.3874525	2024	0.4	5.00	4.99	0.97	1.00	28.70	19.90	984.00	180.00	555
 95.3874641	2024	1.4	5.01	5.00	0.97	1.00	28.70	19.90	984.00	180.00	555
 95.3874757	2024	2.4	5.03	5.00	0.97	1.00	28.80	19.90	984.00	180.00	555
 95.3874873	2024	3.4	5.01	5.00	0.98	1.00	28.70	19.90	984.00	180.00	555
 95.3874988	2024	4.4	5.00	5.01	0.98	1.00	28.70	19.90	984.00	180.00	555
 95.3875104	2024	5.4	4.98	5.00	0.99	1.00	28.70	19.90	984.00	180.00	555
 95.3875220	2024	6.4	4.99	5.00	1.00	1.00	28.70	19.90	984.00	180.00	555
 95.3875336	2024	7.4	5.01	4.98	1.00	1.00	28.70	19.90	984.00	180.00	555
 95.3875451	2024	8.4	5.01	5.01	0.99	1.00	28.70	19.90	984.00	180.00	554
 95.3875567	2024	9.4	5.00	4.99	1.00	1.00	28.70	19.90	984.00	180.00	554
 95.3875683	2024	10.4	5.00	5.00	1.00	1.00	28.80	19.90	983.00	180.00	554
 95.3875799	2024	11.4	4.99	5.00	1.00	1.00	28.70	19.90	984.00	180.00	554
 95.3875914	2024	12.4	5.00	4.99	1.00	1.00	28.80	19.90	984.00	180.00	554
 95.3876030	2024	13.4	4.99	4.99	1.00	1.00	28.80	19.90	984.00	180.00	554
 95.3876146	2024	14.4	4.99	5.00	1.00	1.00	28.80	19.90	983.00	180.00	554
 95.3876262	2024	15.4	4.99	4.99	1.00	1.00	28.80	19.90	984.00	180.00	554
 95.3876377	2024	16.4	4.98	5.01	1.00	1.00	28.80	19.90	984.00	180.00	554
 95.3876493	2024	17.4	5.01	5.00	0.99	1.00	28.80	19.90	984.00	180.00	554
 95.3876609	2024	18.4	5.02	4.99	0.99	1.00	28.80	19.90	984.00	180.00	554
 95.3876725	2024	19.4	4.99	5.00	0.98	1.00	28.80	19.90	984.00	180.00	554
 95.3876840	2024	20.4	4.98	5.00	0.98	1.00	28.80	19.90	984.00	180.00	554
 95.3876956	2024	21.4	5.00	5.00	0.98	1.00	28.80	19.90	984.00	180.00	554
 95.3877072	2024	22.4	4.99	5.01	0.97	1.00	28.80	19.90	984.00	180.00	554
 95.3877188	2024	23.4	5.00	5.01	0.97	1.00	28.80	19.90	984.00	180.00	555
 95.3877303	2024	24.4	4.99	5.00	0.96	1.00	28.80	19.90	984.00	180.00	555
 95.3877419	2024	25.4	5.00	5.01	0.96	1.00	28.80	19.90	985.00	180.00	555
 95.3877535	2024	26.4	5.01	4.98	0.96	1.00	28.80	19.90	984.00	180.00	555
 95.3877650	2024	27.4	5.00	5.01	0.96	1.00	28.80	19.90	985.00	180.00	555
 95.3877766	2024	28.4	5.00	5.00	0.95	1.00	28.80	19.90	985.00	180.00	555
 95.3877882	2024	29.4	5.00	4.99	0.95	1.00	28.80	19.90	985.00	180.00	555
 95.3877998	2024	30.4	5.01	5.01	0.95	1.00	28.80	19.90	985.00	180.00	555
 95.3878113	2024	31.4	4.98	4.99	0.95	1.00	28.80	19.90	985.00	180.00	555
 95.3878229	2024	32.4	4.99	5.00	0.95	1.00	28.80	19.90	985.00	180.00	555
 95.3878345	2024	33.4	5.02	4.99	0.95	1.00	28.80	19.90	985.00	180.00	555
 95.3878461	2024	34.4	5.00	5.01	0.95	1.00	28.80	19.90	985.00	180.00	555
 95.3878576	2024	35.4	5.01	5.00	0.95	1.00	28.80	19.90	985.00	180.00	555
 95.3878692	2024	36.4	4.99	4.99	0.95	1.00	28.80	19.90	984.00	180.00	555
 95.3878808	2024	37.4	4.98	5.01	0.96	1.00	28.80	19.90	985.00	180.00	555
 95.3878924	2024	38.4	5.03	4.99	0.95	1.00	28.80	19.90	985.00	180.00	555
 95.3879039	2024	39.4	5.04	5.00	0.94	1.00	28.80	19.90	985.00	200.00	555
 95.3879155	2024	40.4	5.03	5.01	0.94	1.00	28.80	19.90	985.00	200.00	652
 95.3879271	2024	41.4	5.03	5.01	0.94	1.00	28.80	19.90	985.00	200.00	652
 95.3879387	2024	42.4	5.02	5.01	0.94	1.00	28.80	19.90	985.00	200.00	652
 95.3879502	2024	43.4	4.98	5.01	0.95	1.00	28.80	19.90	985.00	200.00	652
 95.3879618	2024	44.4	5.00	5.00	0.95	1.00	28.80	19.90	985.00	200.00	652
 95.3879734	2024	45.4	5.00	4.99	0.96	1.00	28.80	19.90	984.00	200.00	652
 95.3879850	2024	46.4	4.98	5.02	0.95	1.00	28.80	19.90	984.00	200.00	652
 95.3879965	2024	47.4	4.99	5.01	0.96	1.00	28.80	20.00	984.00	200.00	652
 95.3880081	2024	48.4	4.99	5.00	0.95	1.00	28.80	19.90	984.00	200.00	652
 95.3880197	2024	49.4	4.99	4.99	0.95	1.00	28.80	19.90	985.00	200.00	652
 95.3880312	2024	50.4	5.02	4.99	0.93	1.00	28.80	19.90	985.00	200.00	652
 95.3880428	2024	51.4	5.01	4.99	0.91	1.00	28.80	19.90	985.00	200.00	652
 95.3880544	2024	52.4	4.99	4.99	0.89	1.00	28.80	20.00	986.00	200.00	652
 95.3880660	2024	53.4	5.00	5.00	0.87	1.00	28.80	20.00	986.00	200.00	652
 95.3880775	2024	54.4	5.01	5.01	0.86	1.00	28.80	20.00	986.00	200.00	652
 95.3880891	2024	55.4	5.01	5.00	0.84	1.00	28.80	20.00	986.00	200.00	652
 95.3881007	2024	56.4	5.00	5.00	0.82	1.00	28.80	20.00	987.00	200.00	652
 95.3881123	2024	57.4	5.01	5.01	0.81	1.00	28.80	20.00	987.00	200.00	652
 95.3881238	2024	58.4	5.01	5.01	0.80	1.00	28.80	20.00	987.00	200.00	652
 95.3881354	2024	59.4	4.99	5.00	0.80	1.00	28.80	20.00	987.00	200.00	652
 95.3881470	2024	60.4	5.00	5.01	0.79	1.00	28.80	20.00	987.00	200.00	652
 95.3881586	2024	61.4	5.00	5.00	0.77	1.00	28.80	20.00	988.00	200.00	652
 95.3881701	2024	62.4	5.00	5.00	0.75	1.00	28.80	20.00	988.00	200.00	652
 95.3881817	2024	63.4	4.98	5.00	0.73	1.00	28.80	20.00	988.00	200.00	653
 95.3881933	2024	64.4	4.98	5.00	0.73	1.00	28.80	20.00	988.00	200.00	653
 95.3882049	2024	65.4	4.97	5.00	0.73	1.00	28.80	20.00	988.00	200.00	653
 95.3882164	2024	66.4	4.98	5.00	0.72	1.00	28.70	20.00	988.00	200.00	653
 95.3882280	2024	67.4	5.00	4.99	0.71	1.00	28.70	20.00	988.00	200.00	653
 95.3882396	2024	68.4	5.01	5.01	0.70	1.00	28.70	20.00	988.00	200.00	653
 95.3882512	2024	69.4	5.00	4.99	0.70	1.00	28.70	20.00	988.00	200.00	653
 95.3882627	2024	70.4	4.98	5.00	0.70	1.00	28.70	20.00	989.00	200.00	653
 95.3882743	2024	71.4	4.99	5.00	0.70	1.00	28.70	20.00	988.00	200.00	653
 95.3882859	2024	72.4	4.97	5.00	0.70	1.00	28.70	20.00	988.00	200.00	653
 95.3882975	2024	73.4	4.98	5.01	0.70	1.00	28.70	20.00	988.00	200.00	653
 95.3883090	2024	74.4	5.02	5.00	0.69	1.00	28.70	20.00	989.00	200.00	653
 95.3883206	2024	75.4	5.00	5.00	0.66	1.00	28.70	20.00	989.00	200.00	653
 95.3883322	2024	76.4	5.00	5.00	0.65	1.00	28.70	20.00	989.00	200.00	653
 95.3883438	2024	77.4	5.01	5.01	0.64	1.00	28.60	20.00	989.00	200.00	653
 95.3883553	2024	78.4	5.02	4.99	0.63	1.00	28.70	20.00	989.00	200.00	653
 95.3883669	2024	79.4	4.98	5.01	0.63	1.00	28.70	20.00	989.00	200.00	653
 95.3883785	2024	80.4	5.00	5.00	0.63	1.00	28.60	20.00	989.00	200.00	653
 95.3883900	2024	81.4	4.98	5.00	0.64	1.00	28.60	20.00	989.00	200.00	653
 95.3884016	2024	82.4	5.03	5.01	0.64	1.00	28.60	20.00	989.00	200.00	653
 95.3884132	2024	83.4	5.01	4.99	0.64	1.00	28.60	20.00	989.00	200.00	653
 95.3884248	2024	84.4	4.99	5.01	0.64	1.00	28.60	20.00	989.00	200.00	653
 95.3884363	2024	85.4	5.01	5.01	0.63	1.00	28.60	20.00	989.00	200.00	653
 95.3884479	2024	86.4	4.99	4.99	0.63	1.00	28.60	20.00	989.00	200.00	653
 95.3884595	2024	87.4	5.00	5.01	0.61	1.00	28.60	20.00	990.00	200.00	653
 95.3884711	2024	88.4	4.98	5.01	0.61	1.00	28.60	20.00	990.00	200.00	653
 95.3884826	2024	89.4	5.01	5.01	0.61	1.00	28.60	20.00	990.00	200.00	653
 95.3884942	2024	90.4	4.99	5.00	0.61	1.00	28.60	20.00	989.00	200.00	653
 95.3885058	2024	91.4	4.97	5.00	0.60	1.00	28.60	20.00	990.00	200.00	653
 95.3885174	2024	92.4	4.99	5.00	0.60	1.00	28.60	20.00	990.00	200.00	653
 95.3885289	2024	93.4	4.98	5.01	0.60	1.00	28.60	20.00	990.00	200.00	653
 95.3885405	2024	94.4	5.03	5.00	0.59	1.00	28.60	20.00	990.00	200.00	653
 95.3885521	2024	95.4	5.02	5.00	0.59	1.00	28.60	20.00	990.00	200.00	653
 95.3885637	2024	96.4	5.00	5.01	0.60	1.00	28.60	20.00	990.00	200.00	653
 95.3885752	2024	97.4	4.98	5.00	0.60	1.00	28.60	20.00	990.00	200.00	653
 95.3885868	2024	98.4	4.99	5.01	0.60	1.00	28.60	20.00	989.00	200.00	653
 95.3885984	2024	99.4	5.01	4.99	0.60	1.00	28.60	20.00	990.00	200.00	653
 95.3886100	2024	100.4	5.03	5.01	0.60	1.00	28.50	20.00	990.00	200.00	653
 95.3886215	2024	101.4	4.99	5.00	0.61	1.00	28.60	20.00	990.00	200.00	653
 95.3886331	2024	102.4	4.97	5.00	0.62	1.00	28.60	20.00	989.00	200.00	653
 95.3886447	2024	103.4	5.02	5.00	0.61	1.00	28.60	20.00	990.00	200.00	653
 95.3886563	2024	104.4	5.00	5.00	0.60	1.00	28.60	20.00	990.00	200.00	653
 95.3886678	2024	105.4	5.02	4.99	0.59	1.00	28.60	20.00	990.00	200.00	653
 95.3886794	2024	106.4	5.00	5.00	0.59	1.00	28.50	20.00	990.00	200.00	653
 95.3886910	2024	107.4	5.00	5.00	0.59	1.00	28.60	20.00	990.00	200.00	653
 95.3887025	2024	108.4	5.00	5.00	0.60	1.00	28.60	20.00	990.00	200.00	653
 95.3887141	2024	109.4	5.00	5.01	0.60	1.00	28.60	20.00	990.00	200.00	653
 95.3887257	2024	110.4	5.04	4.99	0.60	1.00	28.60	20.00	990.00	200.00	653
 95.3887373	2024	111.4	5.00	4.99	0.59	1.00	28.50	20.00	990.00	200.00	653
 95.3887488	2024	112.4	4.97	5.00	0.59	1.00	28.50	20.00	990.00	200.00	653
 95.3887604	2024	113.4	4.98	5.00	0.60	1.00	28.50	20.00	990.00	200.00	653
 95.3887720	2024	114.4	5.00	5.00	0.61	1.00	28.60	20.00	990.00	200.00	653
 95.3887836	2024	115.4	5.02	5.00	0.61	1.00	28.60	20.00	990.00	200.00	653
 95.3887951	2024	116.4	5.03	5.00	0.60	1.00	28.60	20.00	990.00	200.00	653
 95.3888067	2024	117.4	4.99	4.99	0.59	1.00	28.60	20.00	990.00	200.00	653
 95.3888183	2024	118.4	5.01	5.00	0.60	1.00	28.60	20.00	990.00	200.00	653
 95.3888299	2024	119.4	4.98	5.01	0.61	1.00	28.60	20.00	990.00	200.00	653
 95.3888414	2024	120.4	4.99	5.00	0.61	1.00	28.60	20.00	990.00	200.00	653
 95.3888530	2024	121.4	5.00	5.01	0.62	1.00	28.60	20.10	990.00	200.00	653
 95.3888646	2024	122.4	4.99	5.01	0.62	1.00	28.60	20.00	989.00	200.00	653
 95.3888762	2024	123.4	4.99	5.00	0.62	1.00	28.60	20.10	990.00	200.00	653
 95.3888877	2024	124.4	4.99	4.97	0.62	1.00	28.60	20.10	989.00	200.00	653
 95.3888993	2024	125.4	4.98	5.00	0.62	1.00	28.50	20.10	989.00	200.00	653
 95.3889109	2024	126.4	4.99	4.99	0.63	1.00	28.60	20.00	990.00	200.00	653
 95.3889225	2024	127.4	4.99	4.99	0.62	1.00	28.60	20.10	989.00	200.00	653
 95.3889340	2024	128.4	5.00	5.00	0.62	1.00	28.60	20.10	990.00	200.00	653
 95.3889456	2024	129.4	5.00	5.00	0.62	1.00	28.60	20.10	989.00	200.00	653
 95.3889572	2024	130.4	4.99	5.01	0.63	1.00	28.60	20.00	990.00	200.00	653
 95.3889688	2024	131.4	4.99	5.01	0.63	1.00	28.60	20.10	989.00	200.00	653
 95.3889803	2024	132.4	4.98	4.99	0.64	1.00	28.60	20.10	989.00	200.00	653
 95.3889919	2024	133.4	4.97	4.98	0.64	1.00	28.60	20.10	989.00	200.00	653
 95.3890035	2024	134.4	5.00	4.99	0.64	1.00	28.60	20.10	989.00	200.00	653
 95.3890150	2024	135.4	5.00	5.00	0.64	1.00	28.60	20.10	989.00	200.00	653
 95.3890266	2024	136.4	5.02	5.01	0.64	1.00	28.60	20.10	989.00	200.00	653
 95.3890382	2024	137.4	5.02	4.99	0.64	1.00	28.60	20.10	989.00	200.00	653
 95.3890498	2024	138.4	5.03	5.01	0.64	1.00	28.60	20.10	989.00	200.00	653
 95.3890613	2024	139.4	5.01	5.00	0.64	1.00	28.60	20.10	989.00	200.00	653
 95.3890729	2024	140.4	5.02	5.00	0.63	1.00	28.60	20.10	989.00	200.00	653
 95.3890845	2024	141.4	4.99	4.99	0.63	1.00	28.60	20.10	989.00	200.00	653
 95.3890961	2024	142.4	5.00	5.00	0.63	1.00	28.60	20.10	989.00	200.00	653
 95.3891076	2024	143.4	5.01	5.01	0.64	1.00	28.60	20.10	989.00	200.00	653
 95.3891192	2024	144.4	5.01	5.00	0.64	1.00	28.60	20.10	989.00	200.00	653
 95.3891308	2024	145.4	5.02	4.99	0.64	1.00	28.60	20.10	989.00	200.00	653
 95.3891424	2024	146.4	4.99	5.00	0.65	1.00	28.60	20.10	989.00	200.00	653
 95.3891539	2024	147.4	5.01	5.00	0.65	1.00	28.60	20.10	989.00	200.00	653
 95.3891655	2024	148.4	4.99	5.00	0.66	1.00	28.60	20.10	989.00	200.00	653
 95.3891771	2024	149.4	4.99	4.99	0.67	1.00	28.60	20.10	989.00	200.00	653
 95.3891887	2024	150.4	5.01	5.00	0.67	1.00	28.60	20.10	989.00	200.00	653
 95.3892002	2024	151.4	5.01	5.00	0.67	1.00	28.60	20.10	989.00	200.00	653
 95.3892118	2024	152.4	5.00	5.00	0.67	1.00	28.60	20.10	989.00	200.00	653
 95.3892234	2024	153.4	5.01	5.00	0.67	1.00	28.60	20.10	989.00	200.00	653
 95.3892350	2024	154.4	5.01	5.00	0.68	1.00	28.60	20.10	989.00	200.00	653
 95.3892465	2024	155.4	4.96	5.00	0.69	1.00	28.60	20.10	989.00	200.00	653
 95.3892581	2024	156.4	4.98	5.00	0.68	1.00	28.60	20.10	989.00	200.00	653
 95.3892697	2024	157.4	5.01	5.01	0.69	1.00	28.70	20.10	989.00	200.00	653
 95.3892813	2024	158.4	4.99	5.00	0.69	1.00	28.60	20.10	989.00	200.00	653
 95.3892928	2024	159.4	5.01	5.00	0.69	1.00	28.60	20.10	989.00	200.00	653
 95.3893044	2024	160.4	5.00	5.01	0.69	1.00	28.60	20.10	989.00	200.00	653
 95.3893160	2024	161.4	5.01	5.00	0.69	1.00	28.70	20.10	989.00	200.00	653
 95.3893275	2024	162.4	5.01	5.00	0.69	1.00	28.70	20.10	989.00	200.00	653
 95.3893391	2024	163.4	4.99	4.99	0.68	1.00	28.70	20.10	989.00	200.00	653
 95.3893507	2024	164.4	5.00	5.00	0.69	1.00	28.70	20.10	989.00	200.00	653
 95.3893623	2024	165.4	5.01	5.01	0.69	1.00	28.70	20.10	989.00	200.00	653
 95.3893738	2024	166.4	5.01	4.99	0.70	1.00	28.70	20.10	989.00	200.00	653
 95.3893854	2024	167.4	5.02	5.00	0.70	1.00	28.70	20.10	988.00	200.00	653
 95.3893970	2024	168.4	5.00	5.00	0.70	1.00	28.70	20.10	989.00	200.00	653
 95.3894086	2024	169.4	4.98	5.01	0.71	1.00	28.70	20.10	988.00	200.00	653
 95.3894201	2024	170.4	5.01	4.99	0.71	1.00	28.70	20.10	988.00	200.00	653
 95.3894317	2024	171.4	5.00	5.01	0.71	1.00	28.70	20.10	989.00	200.00	653
 95.3894433	2024	172.4	5.01	5.02	0.72	1.00	28.70	20.10	988.00	200.00	653
 95.3894549	2024	173.4	4.99	5.00	0.73	1.00	28.70	20.10	988.00	200.00	653
 95.3894664	2024	174.4	5.01	5.01	0.74	1.00	28.70	20.10	988.00	200.00	653
 95.3894780	2024	175.4	5.00	5.01	0.75	1.00	28.70	20.10	988.00	200.00	653
 95.3894896	2024	176.4	4.99	5.01	0.76	1.00	28.70	20.10	988.00	200.00	653
 95.3895012	2024	177.4	5.00	5.00	0.77	1.00	28.70	20.10	988.00	200.00	653
 95.3895127	2024	178.4	5.00	5.01	0.78	1.00	28.70	20.10	987.00	200.00	653
 95.3895243	2024	179.4	5.01	5.01	0.78	1.00	28.70	20.10	987.00	200.00	653
 95.3895359	2024	180.4	5.00	5.00	0.79	1.00	28.70	20.10	987.00	200.00	653
 95.3895475	2024	181.4	5.02	5.00	0.80	1.00	28.70	20.10	987.00	200.00	653
 95.3895590	2024	182.4	5.02	5.01	0.79	1.00	28.70	20.10	987.00	200.00	653
 95.3895706	2024	183.4	5.00	4.99	0.79	1.00	28.70	20.10	987.00	200.00	653
 95.3895822	2024	184.5	5.01	5.01	0.79	1.00	28.70	20.10	987.00	200.00	653
 95.3895938	2024	185.5	4.98	4.98	0.80	1.00	28.80	20.10	987.00	200.00	653
 95.3896053	2024	186.5	4.99	4.99	0.80	1.00	28.70	20.10	987.00	200.00	653
 95.3896169	2024	187.5	5.01	4.99	0.80	1.00	28.80	20.10	987.00	200.00	653
 95.3896285	2024	188.5	5.01	5.00	0.81	1.00	28.80	20.10	987.00	200.00	653
 95.3896400	2024	189.5	4.99	5.01	0.82	1.00	28.80	20.20	987.00	200.00	653
 95.3896516	2024	190.5	4.98	5.01	0.82	1.00	28.80	20.10	987.00	200.00	653
 95.3896632	2024	191.5	5.00	5.00	0.82	1.00	28.80	20.10	987.00	200.00	653
 95.3896748	2024	192.5	4.99	4.99	0.82	1.00	28.80	20.10	987.00	200.00	653
 95.3896863	2024	193.5	5.02	5.00	0.82	1.00	28.80	20.10	987.00	200.00	652
 95.3896979	2024	194.5	5.01	5.00	0.83	1.00	28.80	20.10	987.00	200.00	652
 95.3897095	2024	195.5	4.96	5.00	0.84	1.00	28.80	20.20	987.00	200.00	652
 95.3897211	2024	196.5	4.99	4.99	0.84	1.00	28.80	20.20	987.00	200.00	652
 95.3897326	2024	197.5	4.99	4.99	0.85	1.00	28.80	20.20	986.00	200.00	652
 95.3897442	2024	198.5	5.01	5.00	0.85	1.00	28.80	20.20	986.00	200.00	652
 95.3897558	2024	199.5	5.01	5.00	0.85	1.00	28.80	20.10	986.00	200.00	652
 95.3897674	2024	200.5	5.02	4.99	0.85	1.00	28.80	20.10	986.00	200.00	652
 95.3897801	2024	201.5	5.01	4.99	0.86	1.00	28.80	20.20	986.00	200.00	652
 95.3897917	2024	202.5	4.99	5.00	0.86	1.00	28.80	20.20	986.00	200.00	652
 95.3898032	2024	203.5	4.97	5.00	0.86	1.00	28.80	20.20	986.00	200.00	652
 95.3898148	2024	204.5	5.00	5.00	0.87	1.00	28.80	20.20	986.00	200.00	652
 95.3898264	2024	205.5	5.00	5.01	0.87	1.00	28.80	20.20	986.00	200.00	652
 95.3898380	2024	206.5	4.98	5.02	0.87	1.00	28.90	20.20	986.00	200.00	652
 95.3898495	2024	207.5	5.01	4.99	0.87	1.00	28.90	20.20	986.00	200.00	652
