#SEMS Data
#--------------------------------------------------------
#BMI DASH SN:   0
#BMI SEMS SN:   0
#--------------------------------------------------------
#DOY.Frac	YYYY	Secs	UpSt_Sh	UpSt_Xs	UpSt_Samp	UpSt_FAdj	UpSt_Rh	UpSt_T	UpSt_Press	UpSt_Dia	UpSt_HV
 95.3991574	2024	0.9	5.02	5.00	0.82	1.00	29.40	21.20	987.00	200.00	653
 95.3991690	2024	1.9	5.00	4.98	0.83	1.00	29.40	21.20	987.00	200.00	653
 95.3991806	2024	2.9	5.01	5.00	0.84	1.00	29.40	21.20	987.00	200.00	653
 95.3991921	2024	3.9	5.00	5.00	0.84	1.00	29.40	21.20	987.00	200.00	653
 95.3992037	2024	4.9	5.00	5.00	0.84	1.00	29.40	21.20	987.00	200.00	653
 95.3992153	2024	5.9	5.00	4.99	0.84	1.00	29.40	21.20	987.00	200.00	653
 95.3992269	2024	6.9	4.99	4.99	0.84	1.00	29.40	21.20	987.00	200.00	653
 95.3992384	2024	7.9	4.98	4.99	0.83	1.00	29.40	21.20	987.00	200.00	653
 95.3992500	2024	8.9	4.98	5.00	0.83	1.00	29.40	21.20	987.00	200.00	653
 95.3992616	2024	9.9	4.99	4.99	0.83	1.00	29.40	21.20	987.00	200.00	653
 95.3992731	2024	10.9	5.01	4.99	0.82	1.00	29.40	21.20	987.00	200.00	653
 95.3992847	2024	11.9	5.01	5.00	0.81	1.00	29.40	21.20	987.00	200.00	653
 95.3992963	2024	12.9	5.00	4.98	0.76	1.00	29.40	21.20	988.00	200.00	653
 95.3993079	2024	13.9	5.01	4.98	0.72	1.00	29.40	21.20	988.00	200.00	654
 95.3993194	2024	14.9	5.00	4.99	0.65	1.00	29.50	21.20	989.00	200.00	654
 95.3993310	2024	15.9	4.99	4.99	0.59	1.00	29.50	21.20	990.00	200.00	654
 95.3993426	2024	16.9	5.00	5.00	0.51	1.00	29.50	21.20	991.00	200.00	654
 95.3993542	2024	17.9	4.99	4.99	0.45	1.00	29.50	21.20	991.00	200.00	654
 95.3993657	2024	18.9	5.02	5.02	0.37	1.00	29.50	21.20	992.00	200.00	655
 95.3993773	2024	19.9	5.02	5.01	0.31	1.00	29.50	21.20	993.00	200.00	655
 95.3993889	2024	20.9	5.02	5.01	0.26	1.00	29.50	21.20	993.00	200.00	655
 95.3994005	2024	21.9	5.01	5.00	0.23	1.00	29.50	21.20	993.00	200.00	655
 95.3994120	2024	22.9	5.02	5.01	0.19	1.00	29.40	21.20	993.00	200.00	655
 95.3994236	2024	23.9	5.00	5.01	0.17	1.00	29.40	21.20	994.00	200.00	655
 95.3994352	2024	24.9	5.01	5.02	0.15	1.00	29.50	21.20	994.00	200.00	655
 95.3994468	2024	25.9	5.00	5.00	0.13	1.00	29.60	21.20	994.00	200.00	655
 95.3994583	2024	26.9	5.01	5.01	0.13	1.00	29.70	21.20	994.00	200.00	655
 95.3994699	2024	27.9	4.97	5.02	0.12	1.00	29.90	21.20	994.00	200.00	655
 95.3994815	2024	28.9	4.98	5.00	0.12	1.00	30.00	21.20	994.00	200.00	655
 95.3994931	2024	29.9	5.00	4.99	0.10	1.00	30.10	21.20	994.00	200.00	655
 95.3995046	2024	30.9	5.00	4.99	0.08	1.00	30.30	21.20	994.00	200.00	655
 95.3995162	2024	31.9	5.02	4.99	0.06	1.00	30.30	21.20	994.00	200.00	655
 95.3995278	2024	32.9	5.00	5.01	0.06	1.00	30.40	21.20	994.00	200.00	655
 95.3995394	2024	33.9	4.98	5.00	0.06	1.00	30.50	21.20	994.00	200.00	656
 95.3995509	2024	34.9	5.01	5.01	0.05	1.00	30.60	21.20	994.00	200.00	656
 95.3995625	2024	35.9	5.00	5.00	0.04	1.00	30.70	21.20	994.00	200.00	656
 95.3995741	2024	36.9	4.99	5.00	0.02	1.00	30.70	21.20	994.00	200.00	656
 95.3995856	2024	37.9	4.99	4.99	0.01	1.00	30.80	21.20	994.00	200.00	656
 95.3995972	2024	38.9	5.00	5.00	0.00	1.00	30.90	21.20	994.00	200.00	656
 95.3996088	2024	39.9	5.00	4.99	-0.01	1.00	30.90	21.20	995.00	200.00	656
 95.3996204	2024	40.9	4.99	4.99	-0.02	1.00	31.00	21.20	994.00	200.00	656
 95.3996319	2024	41.9	5.00	5.00	-0.03	1.00	31.00	21.20	995.00	200.00	656
 95.3996435	2024	42.9	5.00	4.99	-0.04	1.00	31.00	21.20	995.00	200.00	656
 95.3996551	2024	43.9	4.98	5.00	-0.05	1.00	31.10	21.20	995.00	200.00	656
 95.3996667	2024	44.9	5.00	5.00	-0.06	1.00	31.10	21.20	995.00	200.00	656
 95.3996782	2024	45.9	5.00	5.01	-0.05	1.00	31.10	21.20	995.00	200.00	656
 95.3996898	2024	46.9	5.01	5.00	-0.07	1.00	31.10	21.20	995.00	200.00	656
 95.3997014	2024	47.9	5.00	5.00	-0.07	1.00	31.10	21.20	995.00	200.00	656
 95.3997130	2024	48.9	5.00	4.99	-0.08	1.00	31.10	21.20	995.00	200.00	656
 95.3997245	2024	49.9	5.02	5.00	-0.08	1.00	31.20	21.20	995.00	200.00	656
 95.3997361	2024	50.9	4.98	5.01	-0.08	1.00	31.20	21.20	995.00	200.00	656
 95.3997477	2024	51.9	4.98	5.00	-0.08	1.00	31.20	21.20	995.00	200.00	656
 95.3997593	2024	52.9	5.01	5.01	-0.10	1.00	31.20	21.20	995.00	200.00	656
 95.3997708	2024	53.9	5.02	5.00	-0.11	1.00	31.20	21.20	995.00	200.00	656
 95.3997824	2024	54.9	4.99	5.00	-0.11	1.00	31.20	21.20	995.00	200.00	656
 95.3997940	2024	55.9	4.97	5.00	-0.11	1.00	31.20	21.20	995.00	200.00	656
 95.3998056	2024	56.9	4.99	5.02	-0.12	1.00	31.20	21.20	995.00	200.00	656
 95.3998171	2024	57.9	5.00	5.00	-0.13	1.00	31.30	21.20	995.00	200.00	656
 95.3998287	2024	58.9	5.00	5.01	-0.13	1.00	31.30	21.20	995.00	200.00	656
 95.3998403	2024	59.9	5.00	5.00	-0.13	1.00	31.30	21.20	995.00	200.00	656
 95.3998519	2024	60.9	5.00	5.01	-0.14	1.00	31.30	21.20	995.00	200.00	656
 95.3998634	2024	61.9	4.99	5.00	-0.15	1.00	31.30	21.20	995.00	200.00	656
 95.3998750	2024	62.9	5.02	5.01	-0.16	1.00	31.30	21.20	995.00	200.00	656
 95.3998866	2024	63.9	4.99	5.00	-0.16	1.00	31.30	21.20	995.00	200.00	656
 95.3998981	2024	64.9	5.01	4.99	-0.15	1.00	31.30	21.20	995.00	200.00	656
 95.3999097	2024	65.9	4.99	5.01	-0.14	1.00	31.20	21.20	995.00	200.00	656
 95.3999213	2024	66.9	5.00	4.99	-0.13	1.00	31.20	21.20	995.00	200.00	656
 95.3999329	2024	67.9	4.99	5.00	-0.13	1.00	31.20	21.20	995.00	200.00	656
 95.3999444	2024	68.9	5.00	5.00	-0.13	1.00	31.20	21.20	995.00	200.00	656
 95.3999560	2024	69.9	5.00	5.00	-0.12	1.00	31.20	21.20	995.00	200.00	656
 95.3999676	2024	70.9	5.02	5.01	-0.10	1.00	31.10	21.20	995.00	200.00	656
 95.3999792	2024	71.9	5.03	5.00	-0.10	1.00	31.10	21.20	995.00	200.00	656
 95.3999907	2024	72.9	4.99	5.00	-0.08	1.00	31.00	21.20	995.00	200.00	656
 95.4000023	2024	73.9	5.01	5.00	-0.07	1.00	31.00	21.20	995.00	200.00	656
 95.4000139	2024	74.9	5.00	5.00	-0.06	1.00	31.00	21.20	994.00	200.00	656
 95.4000255	2024	75.9	4.99	5.01	-0.05	1.00	30.90	21.20	995.00	200.00	656
 95.4000370	2024	76.9	5.00	5.00	-0.05	1.00	30.90	21.20	994.00	200.00	656
 95.4000486	2024	77.9	5.03	5.00	-0.04	1.00	30.80	21.20	994.00	200.00	656
 95.4000602	2024	78.9	4.99	4.99	-0.04	1.00	30.80	21.20	994.00	200.00	656
 95.4000718	2024	79.9	5.00	4.99	-0.02	1.00	30.80	21.20	994.00	200.00	656
 95.4000833	2024	80.9	4.97	5.00	-0.01	1.00	30.70	21.20	994.00	200.00	656
 95.4000949	2024	81.9	4.97	5.00	0.01	1.00	30.70	21.20	994.00	200.00	656
 95.4001065	2024	82.9	5.00	4.99	0.02	1.00	30.60	21.20	994.00	200.00	656
 95.4001181	2024	83.9	5.00	4.99	0.02	1.00	30.60	21.20	994.00	200.00	656
 95.4001296	2024	84.9	5.01	5.00	0.03	1.00	30.60	21.30	994.00	200.00	656
 95.4001412	2024	85.9	5.01	5.00	0.03	1.00	30.50	21.30	994.00	200.00	656
 95.4001528	2024	86.9	5.00	5.00	0.04	1.00	30.50	21.30	994.00	200.00	656
 95.4001644	2024	87.9	4.99	5.00	0.05	1.00	30.50	21.30	994.00	200.00	656
 95.4001759	2024	88.9	5.01	5.00	0.06	1.00	30.40	21.20	994.00	200.00	656
 95.4001875	2024	89.9	4.99	4.99	0.08	1.00	30.40	21.30	994.00	200.00	656
 95.4001991	2024	90.9	4.99	5.01	0.10	1.00	30.30	21.20	994.00	200.00	656
 95.4002106	2024	91.9	4.99	5.00	0.11	1.00	30.30	21.20	994.00	200.00	656
 95.4002222	2024	92.9	5.00	5.00	0.12	1.00	30.20	21.20	994.00	200.00	656
 95.4002338	2024	93.9	5.00	5.00	0.13	1.00	30.20	21.20	994.00	200.00	655
 95.4002454	2024	94.9	5.00	5.00	0.14	1.00	30.20	21.20	994.00	200.00	655
 95.4002569	2024	95.9	5.00	5.00	0.14	1.00	30.10	21.30	994.00	200.00	655
 95.4002685	2024	96.9	5.00	5.00	0.15	1.00	30.10	21.30	994.00	200.00	655
 95.4002801	2024	97.9	5.00	5.01	0.15	1.00	30.10	21.20	994.00	200.00	655
 95.4002917	2024	98.9	5.01	5.00	0.16	1.00	30.00	21.30	993.00	200.00	655
 95.4003032	2024	99.9	5.01	4.99	0.17	1.00	30.00	21.30	994.00	200.00	655
 95.4003148	2024	100.9	5.00	5.02	0.18	1.00	30.00	21.30	994.00	200.00	655
 95.4003264	2024	101.9	4.99	4.99	0.19	1.00	30.00	21.30	993.00	200.00	655
 95.4003380	2024	102.9	4.99	5.00	0.20	1.00	29.90	21.30	993.00	200.00	655
 95.4003495	2024	103.9	5.01	5.00	0.21	1.00	29.90	21.30	993.00	200.00	655
 95.4003611	2024	104.9	4.99	5.00	0.22	1.00	29.90	21.30	993.00	200.00	655
 95.4003727	2024	105.9	5.00	5.00	0.22	1.00	29.90	21.30	993.00	200.00	655
 95.4003843	2024	106.9	5.01	4.99	0.23	1.00	29.80	21.30	993.00	200.00	655
 95.4003958	2024	107.9	5.01	4.99	0.24	1.00	29.80	21.30	993.00	200.00	655
 95.4004074	2024	108.9	5.02	4.99	0.25	1.00	29.80	21.30	993.00	200.00	655
 95.4004190	2024	109.9	5.00	5.01	0.27	1.00	29.80	21.30	993.00	200.00	655
 95.4004306	2024	111.0	5.00	5.01	0.28	1.00	29.70	21.30	993.00	200.00	655
 95.4004421	2024	112.0	5.01	5.00	0.29	1.00	29.70	21.30	993.00	200.00	655
 95.4004537	2024	113.0	4.99	5.00	0.30	1.00	29.70	21.30	993.00	200.00	655
 95.4004653	2024	114.0	4.99	5.00	0.31	1.00	29.70	21.30	993.00	200.00	655
 95.4004769	2024	115.0	4.99	4.99	0.32	1.00	29.70	21.30	993.00	200.00	655
 95.4004884	2024	116.0	4.99	5.00	0.33	1.00	29.60	21.30	992.00	200.00	655
 95.4005000	2024	117.0	4.99	5.01	0.33	1.00	29.60	21.30	992.00	200.00	655
 95.4005116	2024	118.0	4.98	4.99	0.34	1.00	29.60	21.30	992.00	200.00	655
 95.4005231	2024	118.9	5.00	5.00	0.34	1.00	29.60	21.30	992.00	200.00	655
 95.4005347	2024	119.9	4.99	5.01	0.35	1.00	29.60	21.30	992.00	200.00	655
 95.4005463	2024	120.9	5.01	5.00	0.35	1.00	29.60	21.30	992.00	200.00	655
 95.4005579	2024	121.9	5.00	5.01	0.36	1.00	29.60	21.30	992.00	200.00	655
 95.4005694	2024	123.0	5.00	5.00	0.37	1.00	29.60	21.30	992.00	200.00	655
 95.4005810	2024	124.0	5.02	5.02	0.39	1.00	29.60	21.30	992.00	200.00	655
 95.4005926	2024	125.0	4.97	5.00	0.41	1.00	29.60	21.30	992.00	200.00	655
 95.4006042	2024	126.0	4.97	5.01	0.43	1.00	29.50	21.30	992.00	200.00	655
 95.4006157	2024	127.0	5.02	5.00	0.44	1.00	29.50	21.30	992.00	200.00	655
 95.4006273	2024	128.0	4.99	5.00	0.45	1.00	29.50	21.30	991.00	200.00	655
 95.4006389	2024	129.0	5.00	5.00	0.46	1.00	29.50	21.30	991.00	200.00	655
 95.4006505	2024	130.0	5.00	5.00	0.47	1.00	29.50	21.30	991.00	200.00	655
 95.4006620	2024	131.0	4.98	5.01	0.48	1.00	29.40	21.30	991.00	200.00	655
 95.4006736	2024	132.0	5.01	5.00	0.49	1.00	29.40	21.30	991.00	200.00	655
 95.4006852	2024	133.0	5.00	4.99	0.50	1.00	29.40	21.30	991.00	200.00	655
 95.4006968	2024	134.0	5.01	4.99	0.50	1.00	29.40	21.30	991.00	200.00	654
 95.4007083	2024	135.0	4.99	4.99	0.51	1.00	29.40	21.30	991.00	200.00	654
 95.4007199	2024	136.0	4.99	4.99	0.51	1.00	29.40	21.30	991.00	200.00	654
 95.4007315	2024	137.0	5.00	5.00	0.50	1.00	29.40	21.30	991.00	200.00	654
 95.4007431	2024	138.0	5.00	4.99	0.51	1.00	29.40	21.30	991.00	200.00	654
 95.4007546	2024	139.0	5.01	5.00	0.51	1.00	29.40	21.30	991.00	200.00	654
 95.4007662	2024	140.0	5.00	5.00	0.51	1.00	29.40	21.30	991.00	200.00	654
 95.4007778	2024	141.0	5.01	5.00	0.51	1.00	29.40	21.30	991.00	200.00	654
 95.4007894	2024	142.0	5.01	5.00	0.51	1.00	29.40	21.30	991.00	200.00	654
 95.4008009	2024	143.0	5.00	4.98	0.51	1.00	29.40	21.30	991.00	200.00	654
 95.4008125	2024	144.0	5.02	5.00	0.52	1.00	29.40	21.30	991.00	200.00	654
 95.4008241	2024	145.0	5.02	4.99	0.53	1.00	29.40	21.30	991.00	200.00	654
 95.4008356	2024	146.0	4.99	4.99	0.54	1.00	29.40	21.30	991.00	200.00	654
 95.4008472	2024	147.0	5.01	5.00	0.55	1.00	29.40	21.30	991.00	200.00	654
 95.4008588	2024	148.0	5.01	4.99	0.57	1.00	29.40	21.30	990.00	200.00	654
 95.4008704	2024	149.0	5.01	4.99	0.57	1.00	29.30	21.30	990.00	200.00	654
 95.4008819	2024	150.0	4.99	4.98	0.58	1.00	29.30	21.30	990.00	200.00	654
 95.4008935	2024	151.0	5.00	5.00	0.59	1.00	29.30	21.30	990.00	200.00	654
 95.4009051	2024	152.0	4.98	5.00	0.60	1.00	29.40	21.30	990.00	200.00	654
 95.4009167	2024	153.0	4.99	4.99	0.61	1.00	29.40	21.30	990.00	200.00	654
 95.4009282	2024	154.0	4.98	5.00	0.61	1.00	29.40	21.30	990.00	200.00	654
 95.4009398	2024	155.0	4.98	5.00	0.62	1.00	29.30	21.30	990.00	200.00	654
 95.4009514	2024	156.0	4.99	5.01	0.62	1.00	29.40	21.30	990.00	200.00	654
 95.4009630	2024	157.0	4.98	5.00	0.63	1.00	29.40	21.30	990.00	200.00	654
 95.4009745	2024	158.0	5.00	4.99	0.63	1.00	29.40	21.30	990.00	200.00	654
 95.4009861	2024	159.0	5.01	5.02	0.64	1.00	29.40	21.30	990.00	200.00	654
 95.4009977	2024	160.0	5.01	5.00	0.64	1.00	29.40	21.30	989.00	200.00	654
 95.4010093	2024	161.0	4.99	5.00	0.64	1.00	29.40	21.30	990.00	200.00	654
 95.4010208	2024	162.0	5.00	4.99	0.64	1.00	29.40	21.30	990.00	200.00	654
 95.4010324	2024	163.0	5.00	4.99	0.63	1.00	29.40	21.30	990.00	200.00	654
 95.4010440	2024	164.0	5.02	4.99	0.63	1.00	29.40	21.30	990.00	200.00	654
 95.4010556	2024	165.0	5.01	5.00	0.62	1.00	29.40	21.30	990.00	200.00	654
 95.4010671	2024	166.0	5.03	5.01	0.61	1.00	29.40	21.30	990.00	200.00	654
 95.4010787	2024	167.0	5.01	5.01	0.62	1.00	29.40	21.30	990.00	200.00	654
 95.4010903	2024	168.0	5.01	5.00	0.62	1.00	29.40	21.30	990.00	200.00	654
 95.4011019	2024	169.0	5.01	5.00	0.62	1.00	29.40	21.30	990.00	200.00	654
 95.4011134	2024	170.0	5.01	5.00	0.62	1.00	29.40	21.30	989.00	200.00	654
 95.4011250	2024	171.0	5.02	5.01	0.62	1.00	29.40	21.30	990.00	200.00	654
 95.4011366	2024	172.0	5.01	5.01	0.62	1.00	29.40	21.30	990.00	200.00	654
 95.4011481	2024	173.0	5.00	5.01	0.62	1.00	29.40	21.30	990.00	200.00	654
 95.4011597	2024	174.0	5.01	5.00	0.62	1.00	29.40	21.30	990.00	200.00	654
 95.4011713	2024	175.0	5.00	5.00	0.62	1.00	29.40	21.40	990.00	200.00	654
 95.4011829	2024	176.0	5.02	5.00	0.62	1.00	29.40	21.30	990.00	200.00	654
 95.4011944	2024	177.0	4.98	5.00	0.62	1.00	29.40	21.30	989.00	200.00	654
 95.4012060	2024	178.0	4.98	5.00	0.63	1.00	29.40	21.40	989.00	200.00	654
 95.4012176	2024	179.0	4.99	5.01	0.62	1.00	29.40	21.30	990.00	200.00	654
 95.4012292	2024	180.0	5.00	5.01	0.62	1.00	29.40	21.40	990.00	200.00	654
 95.4012407	2024	181.0	5.00	5.00	0.61	1.00	29.40	21.40	990.00	200.00	654
 95.4012523	2024	182.0	4.99	5.01	0.61	1.00	29.40	21.40	990.00	200.00	654
 95.4012639	2024	183.0	5.01	4.99	0.61	1.00	29.40	21.40	990.00	200.00	654
 95.4012755	2024	184.0	4.98	4.99	0.60	1.00	29.40	21.40	990.00	200.00	654
 95.4012870	2024	185.0	4.99	4.99	0.59	1.00	29.40	21.40	990.00	200.00	654
 95.4012986	2024	186.0	5.00	5.00	0.58	1.00	29.40	21.40	990.00	200.00	654
 95.4013102	2024	187.0	5.02	5.00	0.58	1.00	29.40	21.40	990.00	200.00	654
 95.4013218	2024	188.0	5.01	5.01	0.57	1.00	29.40	21.40	990.00	200.00	654
 95.4013333	2024	189.0	5.01	5.00	0.57	1.00	29.40	21.40	990.00	200.00	654
 95.4013449	2024	190.0	5.00	5.01	0.57	1.00	29.40	21.40	990.00	200.00	654
 95.4013565	2024	191.0	5.00	5.00	0.57	1.00	29.40	21.40	990.00	200.00	654
 95.4013681	2024	192.0	5.00	5.00	0.56	1.00	29.40	21.40	990.00	200.00	654
 95.4013796	2024	193.0	5.00	5.01	0.57	1.00	29.40	21.40	990.00	200.00	654
 95.4013912	2024	194.0	4.99	5.00	0.57	1.00	29.40	21.40	990.00	200.00	654
 95.4014028	2024	195.0	5.01	5.01	0.57	1.00	29.40	21.40	990.00	200.00	654
 95.4014144	2024	196.0	5.01	5.00	0.57	1.00	29.40	21.40	990.00	200.00	654
 95.4014259	2024	197.0	5.00	5.00	0.57	1.00	29.40	21.40	990.00	200.00	654
 95.4014375	2024	198.0	4.99	4.99	0.57	1.00	29.40	21.40	990.00	200.00	654
 95.4014491	2024	199.0	5.02	5.00	0.58	1.00	29.40	21.40	990.00	200.00	654
 95.4014606	2024	200.0	4.98	5.01	0.58	1.00	29.40	21.40	990.00	200.00	654
 95.4014722	2024	201.0	5.00	5.00	0.58	1.00	29.40	21.40	990.00	200.00	654
 95.4014838	2024	202.0	4.99	5.00	0.58	1.00	29.40	21.40	990.00	200.00	654
 95.4014954	2024	203.0	5.00	5.00	0.58	1.00	29.40	21.40	990.00	200.00	654
 95.4015069	2024	204.0	5.02	5.01	0.58	1.00	29.40	21.40	990.00	200.00	654
 95.4015185	2024	205.0	4.99	5.00	0.58	1.00	29.40	21.40	990.00	200.00	654
 95.4015301	2024	206.0	5.01	5.00	0.58	1.00	29.40	21.40	990.00	200.00	654
 95.4015417	2024	207.0	5.00	5.00	0.57	1.00	29.40	21.40	990.00	200.00	654
 95.4015532	2024	208.0	5.01	4.99	0.57	1.00	29.40	21.40	990.00	200.00	654
 95.4015648	2024	209.0	5.02	5.00	0.57	1.00	29.50	21.40	990.00	200.00	654
 95.4015764	2024	210.0	5.02	4.99	0.57	1.00	29.40	21.40	990.00	200.00	654
 95.4015880	2024	211.0	5.01	4.99	0.57	1.00	29.40	21.40	990.00	200.00	654
 95.4015995	2024	212.0	5.02	4.99	0.56	1.00	29.40	21.40	990.00	200.00	654
 95.4016111	2024	213.0	5.02	5.01	0.56	1.00	29.50	21.40	990.00	200.00	654
 95.4016227	2024	214.0	5.01	4.99	0.56	1.00	29.40	21.40	990.00	200.00	654
 95.4016343	2024	215.0	5.00	4.99	0.56	1.00	29.40	21.40	990.00	200.00	654
 95.4016458	2024	216.0	5.01	5.00	0.56	1.00	29.40	21.40	990.00	200.00	654
 95.4016574	2024	217.0	5.00	4.99	0.57	1.00	29.40	21.40	990.00	200.00	654
 95.4016690	2024	218.0	5.00	4.99	0.57	1.00	29.40	21.40	990.00	200.00	654
 95.4016806	2024	219.0	4.99	4.99	0.57	1.00	29.40	21.40	990.00	200.00	654
 95.4016921	2024	220.0	5.01	5.00	0.58	1.00	29.40	21.40	990.00	200.00	654
 95.4017037	2024	221.0	5.01	4.99	0.59	1.00	29.40	21.40	990.00	200.00	654
 95.4017153	2024	222.0	5.00	4.99	0.60	1.00	29.40	21.40	990.00	200.00	654
 95.4017269	2024	223.0	4.99	4.99	0.60	1.00	29.40	21.40	990.00	200.00	654
 95.4017384	2024	224.0	5.00	4.99	0.61	1.00	29.40	21.40	990.00	200.00	654
 95.4017500	2024	225.0	5.00	5.01	0.62	1.00	29.40	21.40	989.00	200.00	654
 95.4017616	2024	226.0	4.99	5.01	0.63	1.00	29.40	21.40	989.00	200.00	654
 95.4017731	2024	227.0	4.99	4.99	0.64	1.00	29.40	21.40	989.00	200.00	654
 95.4017847	2024	228.0	4.99	4.99	0.65	1.00	29.40	21.40	989.00	200.00	654
 95.4017963	2024	229.0	4.99	4.99	0.65	1.00	29.40	21.40	989.00	200.00	654
 95.4018079	2024	230.0	4.99	4.99	0.66	1.00	29.40	21.40	989.00	200.00	654
 95.4018194	2024	231.0	5.00	5.00	0.66	1.00	29.40	21.40	989.00	200.00	654
 95.4018310	2024	232.0	5.01	5.01	0.67	1.00	29.40	21.40	989.00	200.00	654
 95.4018426	2024	233.0	4.98	4.99	0.67	1.00	29.50	21.40	989.00	200.00	654
 95.4018542	2024	234.0	5.00	5.00	0.67	1.00	29.40	21.40	989.00	200.00	654
 95.4018657	2024	235.0	4.97	4.99	0.67	1.00	29.50	21.40	989.00	200.00	654
 95.4018773	2024	236.0	5.01	5.00	0.66	1.00	29.50	21.40	989.00	200.00	654
 95.4018889	2024	237.0	4.99	4.99	0.66	1.00	29.50	21.40	989.00	200.00	654
 95.4019005	2024	238.0	5.00	5.01	0.65	1.00	29.50	21.40	989.00	200.00	654
 95.4019120	2024	239.0	5.00	5.00	0.65	1.00	29.50	21.40	989.00	200.00	654
 95.4019236	2024	240.0	4.99	5.00	0.65	1.00	29.50	21.40	989.00	200.00	654
 95.4019352	2024	241.0	5.01	5.00	0.65	1.00	29.50	21.40	989.00	200.00	654
 95.4019468	2024	242.0	5.01	5.00	0.64	1.00	29.50	21.40	989.00	200.00	654
 95.4019583	2024	243.0	5.00	5.00	0.64	1.00	29.50	21.40	989.00	200.00	654
 95.4019699	2024	244.0	5.00	5.00	0.64	1.00	29.50	21.40	989.00	200.00	654
 95.4019815	2024	245.0	4.99	5.01	0.64	1.00	29.50	21.40	989.00	200.00	654
 95.4019931	2024	246.0	4.99	5.00	0.64	1.00	29.50	21.40	989.00	200.00	654
 95.4020046	2024	247.0	5.01	4.99	0.64	1.00	29.50	21.40	989.00	200.00	654
 95.4020162	2024	248.0	5.01	4.99	0.64	1.00	29.50	21.40	989.00	200.00	654
 95.4020278	2024	249.0	5.02	5.00	0.64	1.00	29.50	21.40	989.00	200.00	654
 95.4020394	2024	250.0	4.99	5.00	0.64	1.00	29.50	21.40	989.00	200.00	654
 95.4020509	2024	251.0	5.01	5.00	0.64	1.00	29.50	21.40	989.00	200.00	654
 95.4020625	2024	252.0	5.00	5.00	0.64	1.00	29.50	21.40	989.00	200.00	654
 95.4020741	2024	253.0	5.01	5.00	0.63	1.00	29.50	21.40	989.00	200.00	654
 95.4020856	2024	254.0	5.00	5.01	0.64	1.00	29.50	21.40	989.00	200.00	654
 95.4020972	2024	255.0	5.01	5.00	0.64	1.00	29.50	21.40	989.00	200.00	654
 95.4021088	2024	256.0	5.00	5.00	0.64	1.00	29.50	21.40	989.00	200.00	654
 95.4021204	2024	257.0	5.01	5.01	0.64	1.00	29.50	21.40	989.00	200.00	654
 95.4021319	2024	258.0	4.99	5.00	0.64	1.00	29.50	21.40	989.00	200.00	654
 95.4021435	2024	259.0	5.00	4.99	0.64	1.00	29.50	21.40	989.00	200.00	654
 95.4021551	2024	260.0	5.00	4.99	0.64	1.00	29.50	21.40	989.00	200.00	654
 95.4021667	2024	261.0	5.00	5.01	0.64	1.00	29.50	21.40	989.00	200.00	654
 95.4021782	2024	262.0	4.99	5.00	0.65	1.00	29.50	21.40	989.00	200.00	654
 95.4021898	2024	263.0	5.01	5.00	0.65	1.00	29.50	21.40	989.00	200.00	654
 95.4022014	2024	264.0	5.00	5.00	0.65	1.00	29.50	21.40	989.00	200.00	654
 95.4022130	2024	265.0	5.01	5.00	0.65	1.00	29.50	21.40	989.00	200.00	654
 95.4022245	2024	266.0	5.01	5.00	0.66	1.00	29.50	21.40	989.00	200.00	654
 95.4022361	2024	267.0	5.00	4.99	0.66	1.00	29.50	21.50	989.00	200.00	654
 95.4022477	2024	268.0	4.99	5.01	0.66	1.00	29.50	21.40	989.00	200.00	654
 95.4022593	2024	269.0	5.00	5.00	0.67	1.00	29.50	21.50	989.00	200.00	654
 95.4022708	2024	270.0	4.97	5.00	0.67	1.00	29.50	21.50	989.00	200.00	654
 95.4022824	2024	271.0	4.99	5.01	0.67	1.00	29.50	21.40	989.00	200.00	654
 95.4022940	2024	272.0	5.00	5.00	0.67	1.00	29.50	21.50	989.00	200.00	654
 95.4023056	2024	273.0	4.99	5.00	0.66	1.00	29.50	21.50	989.00	200.00	654
 95.4023171	2024	274.0	4.97	5.00	0.67	1.00	29.50	21.50	989.00	200.00	654
 95.4023287	2024	275.0	5.00	5.00	0.67	1.00	29.50	21.50	989.00	200.00	654
 95.4023403	2024	276.0	5.01	5.01	0.67	1.00	29.50	21.50	989.00	200.00	654
 95.4023519	2024	277.0	5.01	4.99	0.67	1.00	29.50	21.50	989.00	200.00	654
 95.4023634	2024	278.0	5.00	4.99	0.67	1.00	29.50	21.50	989.00	200.00	654
 95.4023750	2024	279.0	5.00	5.00	0.68	1.00	29.50	21.50	989.00	200.00	654
 95.4023866	2024	280.0	5.00	5.00	0.68	1.00	29.50	21.50	989.00	200.00	654
 95.4023981	2024	281.0	5.00	5.00	0.68	1.00	29.50	21.50	989.00	200.00	654
 95.4024097	2024	282.0	4.99	4.99	0.69	1.00	29.50	21.50	989.00	200.00	654
 95.4024213	2024	283.0	4.97	5.01	0.69	1.00	29.50	21.50	989.00	200.00	654
 95.4024329	2024	284.0	4.99	5.00	0.69	1.00	29.50	21.50	989.00	200.00	654
 95.4024444	2024	285.0	5.00	5.01	0.69	1.00	29.60	21.50	989.00	200.00	654
 95.4024560	2024	286.0	5.01	5.01	0.69	1.00	29.50	21.50	989.00	200.00	654
 95.4024676	2024	287.0	5.03	5.00	0.69	1.00	29.50	21.50	989.00	200.00	654
 95.4024792	2024	288.0	5.01	5.00	0.70	1.00	29.50	21.50	988.00	200.00	654
 95.4024907	2024	289.0	5.00	5.00	0.71	1.00	29.50	21.50	989.00	200.00	654
 95.4025023	2024	290.0	5.01	4.99	0.71	1.00	29.50	21.50	989.00	200.00	654
 95.4025139	2024	291.0	5.00	5.00	0.71	1.00	29.50	21.50	989.00	200.00	654
 95.4025255	2024	292.0	5.02	4.99	0.72	1.00	29.50	21.50	988.00	200.00	654
 95.4025370	2024	293.0	5.00	5.01	0.72	1.00	29.50	21.50	988.00	200.00	654
 95.4025486	2024	294.0	4.99	4.99	0.73	1.00	29.50	21.50	988.00	200.00	654
 95.4025602	2024	295.0	4.98	5.00	0.75	1.00	29.50	21.50	988.00	200.00	654
 95.4025718	2024	296.0	4.98	5.00	0.75	1.00	29.50	21.50	988.00	200.00	654
 95.4025833	2024	297.0	5.02	5.00	0.76	1.00	29.50	21.50	988.00	200.00	654
 95.4025949	2024	298.0	5.02	5.00	0.76	1.00	29.50	21.50	988.00	200.00	654
 95.4026065	2024	299.0	5.03	5.00	0.76	1.00	29.60	21.50	988.00	200.00	654
 95.4026181	2024	300.0	5.02	5.00	0.76	1.00	29.50	21.50	988.00	200.00	654
 95.4026296	2024	301.0	5.02	5.00	0.78	1.00	29.60	21.50	988.00	200.00	654
 95.4026412	2024	302.0	4.99	5.01	0.79	1.00	29.50	21.50	987.00	200.00	654
 95.4026528	2024	303.0	5.00	5.00	0.79	1.00	29.50	21.50	987.00	200.00	654
 95.4026644	2024	304.0	4.98	5.01	0.80	1.00	29.60	21.50	987.00	200.00	653
 95.4026759	2024	305.0	4.99	4.99	0.80	1.00	29.60	21.50	987.00	200.00	653
 95.4026875	2024	306.0	5.01	5.01	0.81	1.00	29.60	21.50	987.00	200.00	653
 95.4026991	2024	307.0	5.01	5.00	0.82	1.00	29.60	21.50	987.00	200.00	653
 95.4027106	2024	308.0	4.99	4.99	0.82	1.00	29.60	21.50	987.00	200.00	653
 95.4027222	2024	309.0	4.98	5.01	0.83	1.00	29.60	21.50	987.00	200.00	653
 95.4027338	2024	310.0	4.99	4.99	0.83	1.00	29.60	21.50	987.00	200.00	653
 95.4027454	2024	311.0	4.99	5.01	0.84	1.00	29.60	21.50	987.00	200.00	653
 95.4027569	2024	312.0	5.00	5.01	0.84	1.00	29.60	21.50	987.00	200.00	653
 95.4027685	2024	313.0	4.99	5.02	0.85	1.00	29.60	21.50	986.00	200.00	653
 95.4027801	2024	314.0	5.02	5.00	0.84	1.00	29.60	21.50	987.00	200.00	653
 95.4027917	2024	315.0	5.01	4.99	0.84	1.00	29.60	21.50	986.00	200.00	653
 95.4028032	2024	316.0	5.00	5.00	0.85	1.00	29.60	21.50	986.00	200.00	653
 95.4028148	2024	317.0	5.01	5.01	0.86	1.00	29.60	21.50	986.00	200.00	653
 95.4028264	2024	318.0	5.00	5.01	0.86	1.00	29.60	21.50	986.00	200.00	653
 95.4028380	2024	319.0	5.00	5.01	0.87	1.00	29.60	21.50	986.00	200.00	653
 95.4028495	2024	320.0	5.10	4.96	0.84	1.00	29.60	21.50	987.00	200.00	653
 95.4028611	2024	321.0	4.90	3.99	0.29	1.00	29.60	21.50	993.00	200.00	653
 95.4028727	2024	322.0	4.11	0.63	-0.95	1.00	29.70	21.50	1015.00	200.00	653
 95.4028843	2024	323.0	4.71	1.67	-0.95	1.00	29.90	21.50	1040.00	200.00	653
 95.4028958	2024	324.0	4.80	2.30	-0.95	1.00	30.20	21.60	1049.00	200.00	673
 95.4029074	2024	325.0	4.72	2.58	-0.95	1.00	30.40	21.60	1050.00	200.00	673
 95.4029190	2024	326.0	4.62	3.05	-0.95	1.00	30.60	21.60	1047.00	200.00	673
 95.4029306	2024	327.0	4.48	3.11	-0.95	1.00	30.70	21.60	1042.00	200.00	673
