#SEMS Data
#--------------------------------------------------------
#BMI DASH SN:   0
#BMI SEMS SN:   0
#--------------------------------------------------------
#DOY.Frac	YYYY	Secs	UpSt_Sh	UpSt_Xs	UpSt_Samp	UpSt_FAdj	UpSt_Rh	UpSt_T	UpSt_Press	UpSt_Dia	UpSt_HV
 95.3818484	2024	0.2	5.00	5.00	0.90	1.00	27.70	19.20	986.00	225.00	777
 95.3818600	2024	1.2	5.01	5.00	0.90	1.00	27.70	19.20	986.00	225.00	777
 95.3818715	2024	2.2	5.01	4.99	0.90	1.00	27.70	19.20	986.00	225.00	777
 95.3818831	2024	3.2	5.00	5.00	0.90	1.00	27.70	19.20	986.00	160.00	777
 95.3818947	2024	4.2	5.00	5.01	0.90	1.00	27.70	19.20	986.00	160.00	461
 95.3819062	2024	5.2	5.02	5.01	0.90	1.00	27.70	19.20	986.00	160.00	461
 95.3819178	2024	6.2	5.00	5.00	0.91	1.00	27.70	19.20	986.00	160.00	461
 95.3819294	2024	7.2	5.01	5.02	0.90	1.00	27.70	19.20	986.00	160.00	461
 95.3819410	2024	8.2	5.00	5.01	0.90	1.00	27.70	19.20	986.00	160.00	461
 95.3819525	2024	9.2	5.01	5.01	0.90	1.00	27.70	19.20	986.00	160.00	461
 95.3819641	2024	10.2	5.00	5.00	0.90	1.00	27.70	19.20	986.00	160.00	461
 95.3819757	2024	11.2	4.99	5.01	0.90	1.00	27.70	19.20	986.00	160.00	461
 95.3819873	2024	12.2	5.00	5.00	0.90	1.00	27.70	19.20	986.00	160.00	461
 95.3819988	2024	13.2	5.00	5.01	0.91	1.00	27.70	19.20	986.00	160.00	461
 95.3820104	2024	14.2	5.01	5.00	0.90	1.00	27.70	19.20	986.00	160.00	461
 95.3820220	2024	15.2	5.00	5.00	0.90	1.00	27.70	19.20	986.00	160.00	461
 95.3820336	2024	16.2	5.00	5.00	0.90	1.00	27.70	19.30	986.00	160.00	461
 95.3820451	2024	17.2	4.98	5.00	0.90	1.00	27.70	19.20	986.00	160.00	461
 95.3820567	2024	18.2	4.99	5.01	0.91	1.00	27.80	19.30	986.00	160.00	461
 95.3820683	2024	19.2	5.01	5.00	0.91	1.00	27.80	19.30	986.00	160.00	461
 95.3820799	2024	20.2	5.01	5.01	0.91	1.00	27.80	19.30	986.00	160.00	461
 95.3820914	2024	21.2	5.00	4.99	0.91	1.00	27.70	19.30	986.00	160.00	461
 95.3821030	2024	22.2	5.02	5.01	0.91	1.00	27.70	19.30	986.00	160.00	461
 95.3821146	2024	23.2	5.01	5.01	0.91	1.00	27.80	19.30	986.00	160.00	461
 95.3821262	2024	24.2	5.02	5.01	0.91	1.00	27.80	19.30	986.00	160.00	461
 95.3821377	2024	25.2	5.01	4.99	0.91	1.00	27.80	19.30	986.00	160.00	461
 95.3821493	2024	26.2	5.01	4.99	0.91	1.00	27.80	19.30	986.00	160.00	461
 95.3821609	2024	27.2	5.00	5.00	0.91	1.00	27.80	19.30	986.00	160.00	461
 95.3821725	2024	28.2	5.01	4.99	0.91	1.00	27.80	19.30	986.00	160.00	461
 95.3821840	2024	29.2	5.00	4.99	0.91	1.00	27.80	19.30	986.00	160.00	461
 95.3821956	2024	30.2	5.00	4.99	0.91	1.00	27.80	19.30	986.00	160.00	461
 95.3822072	2024	31.2	5.01	5.00	0.91	1.00	27.80	19.30	986.00	160.00	461
 95.3822187	2024	32.2	5.00	4.99	0.91	1.00	27.80	19.30	986.00	160.00	461
 95.3822303	2024	33.2	5.00	5.00	0.91	1.00	27.80	19.30	986.00	160.00	461
 95.3822419	2024	34.2	5.00	4.99	0.91	1.00	27.80	19.30	986.00	160.00	461
 95.3822535	2024	35.2	5.01	5.01	0.91	1.00	27.80	19.30	986.00	160.00	461
 95.3822650	2024	36.2	5.00	5.00	0.91	1.00	27.80	19.30	986.00	160.00	461
 95.3822766	2024	37.2	5.00	5.00	0.91	1.00	27.80	19.30	986.00	160.00	461
 95.3822882	2024	38.3	5.00	5.00	0.91	1.00	27.80	19.30	986.00	160.00	461
 95.3822998	2024	39.3	5.00	5.00	0.91	1.00	27.80	19.30	986.00	160.00	461
 95.3823113	2024	40.3	5.01	5.00	0.91	1.00	27.80	19.30	986.00	160.00	461
 95.3823229	2024	41.3	5.02	5.00	0.91	1.00	27.80	19.30	986.00	160.00	461
 95.3823345	2024	42.3	4.97	5.00	0.92	1.00	27.80	19.30	986.00	160.00	461
 95.3823461	2024	43.3	4.99	5.00	0.93	1.00	27.90	19.30	985.00	180.00	461
 95.3823576	2024	44.3	5.00	4.98	0.93	1.00	27.80	19.30	985.00	180.00	555
 95.3823692	2024	45.3	4.99	5.00	0.94	1.00	27.80	19.30	985.00	180.00	555
 95.3823808	2024	46.3	5.00	4.99	0.93	1.00	27.80	19.30	985.00	180.00	555
 95.3823924	2024	47.3	5.00	4.99	0.93	1.00	27.80	19.30	985.00	180.00	555
 95.3824039	2024	48.3	5.01	4.99	0.93	1.00	27.80	19.30	986.00	180.00	555
 95.3824155	2024	49.3	5.00	5.00	0.93	1.00	27.90	19.30	985.00	180.00	555
 95.3824271	2024	50.3	5.00	4.99	0.93	1.00	27.90	19.30	985.00	180.00	555
 95.3824387	2024	51.3	5.01	5.00	0.93	1.00	27.90	19.30	985.00	180.00	555
 95.3824502	2024	52.3	5.01	4.99	0.93	1.00	27.90	19.30	985.00	180.00	555
 95.3824618	2024	53.3	5.01	5.01	0.94	1.00	27.90	19.30	985.00	180.00	555
 95.3824745	2024	54.3	4.98	5.00	0.93	1.00	27.90	19.30	985.00	180.00	555
 95.3824861	2024	55.3	5.00	5.01	0.94	1.00	27.90	19.30	985.00	180.00	555
 95.3824977	2024	56.3	5.01	5.00	0.94	1.00	27.90	19.30	985.00	180.00	555
 95.3825093	2024	57.3	5.00	5.00	0.94	1.00	27.90	19.30	985.00	180.00	555
 95.3825208	2024	58.3	5.00	5.00	0.94	1.00	27.90	19.30	985.00	180.00	555
 95.3825324	2024	59.3	5.00	4.99	0.93	1.00	27.90	19.30	985.00	180.00	555
 95.3825440	2024	60.3	4.98	4.99	0.94	1.00	27.90	19.30	985.00	180.00	555
 95.3825556	2024	61.3	5.00	5.01	0.94	1.00	27.90	19.30	985.00	180.00	555
 95.3825671	2024	62.3	5.01	5.00	0.93	1.00	27.90	19.30	985.00	180.00	555
 95.3825787	2024	63.3	4.99	4.99	0.93	1.00	27.90	19.30	985.00	180.00	555
 95.3825903	2024	64.3	4.99	5.00	0.93	1.00	27.90	19.30	985.00	180.00	555
 95.3826019	2024	65.3	4.98	5.01	0.94	1.00	27.90	19.30	985.00	180.00	555
 95.3826134	2024	66.3	5.01	5.00	0.93	1.00	27.90	19.30	985.00	180.00	555
 95.3826250	2024	67.3	5.01	5.00	0.94	1.00	27.90	19.30	985.00	180.00	555
 95.3826366	2024	68.3	5.01	4.99	0.95	1.00	27.90	19.30	985.00	180.00	555
 95.3826481	2024	69.3	5.02	4.99	0.95	1.00	27.90	19.30	985.00	180.00	555
 95.3826597	2024	70.3	4.98	5.00	0.96	1.00	27.90	19.30	985.00	180.00	555
 95.3826713	2024	71.3	5.00	5.00	0.97	1.00	27.90	19.30	985.00	180.00	555
 95.3826829	2024	72.3	4.99	5.00	0.97	1.00	27.90	19.30	985.00	180.00	555
 95.3826944	2024	73.3	5.00	4.99	0.97	1.00	27.90	19.30	985.00	180.00	555
 95.3827060	2024	74.3	5.01	4.99	0.97	1.00	27.90	19.30	985.00	180.00	555
 95.3827176	2024	75.3	4.98	4.98	0.96	1.00	27.90	19.30	985.00	180.00	555
 95.3827292	2024	76.3	4.98	5.00	0.96	1.00	27.90	19.30	985.00	180.00	555
 95.3827407	2024	77.3	5.02	5.00	0.96	1.00	28.00	19.30	985.00	180.00	555
 95.3827523	2024	78.3	4.99	5.00	0.96	1.00	28.00	19.30	985.00	180.00	555
 95.3827639	2024	79.3	4.99	4.99	0.96	1.00	28.00	19.30	985.00	180.00	555
 95.3827755	2024	80.3	4.99	5.01	0.96	1.00	28.00	19.30	985.00	180.00	555
 95.3827870	2024	81.3	4.99	5.00	0.95	1.00	28.00	19.30	985.00	180.00	555
 95.3827986	2024	82.3	5.00	5.00	0.95	1.00	28.00	19.30	985.00	180.00	555
 95.3828102	2024	83.3	5.01	5.00	0.94	1.00	28.00	19.30	985.00	200.00	555
 95.3828218	2024	84.3	4.99	4.99	0.94	1.00	28.00	19.30	985.00	200.00	652
 95.3828333	2024	85.3	5.02	5.00	0.94	1.00	28.00	19.40	985.00	200.00	652
 95.3828449	2024	86.3	5.01	4.98	0.94	1.00	28.00	19.30	985.00	200.00	652
 95.3828565	2024	87.3	5.01	4.99	0.94	1.00	28.00	19.40	985.00	200.00	652
 95.3828681	2024	88.3	5.00	5.00	0.94	1.00	28.00	19.40	985.00	200.00	652
 95.3828796	2024	89.3	5.00	5.00	0.94	1.00	28.00	19.40	985.00	200.00	652
 95.3828912	2024	90.3	5.00	5.00	0.94	1.00	28.00	19.30	985.00	200.00	652
 95.3829028	2024	91.3	5.01	5.01	0.94	1.00	28.00	19.30	985.00	200.00	652
 95.3829144	2024	92.3	4.98	5.00	0.94	1.00	28.00	19.40	985.00	200.00	652
 95.3829259	2024	93.3	5.01	4.99	0.94	1.00	28.00	19.40	985.00	200.00	652
 95.3829375	2024	94.3	5.02	5.00	0.94	1.00	28.00	19.40	985.00	200.00	652
 95.3829491	2024	95.3	5.00	4.99	0.94	1.00	28.00	19.40	985.00	200.00	652
 95.3829606	2024	96.3	4.99	5.00	0.94	1.00	28.00	19.40	985.00	200.00	652
 95.3829722	2024	97.3	4.97	5.00	0.94	1.00	28.00	19.40	985.00	200.00	652
 95.3829838	2024	98.3	5.00	5.00	0.94	1.00	28.00	19.40	985.00	200.00	652
 95.3829954	2024	99.3	4.99	5.00	0.94	1.00	28.00	19.40	985.00	200.00	652
 95.3830069	2024	100.3	4.98	5.01	0.94	1.00	28.00	19.40	985.00	200.00	652
 95.3830185	2024	101.3	4.97	5.00	0.95	1.00	28.00	19.40	985.00	200.00	652
 95.3830301	2024	102.3	4.97	4.99	0.95	1.00	28.00	19.40	985.00	200.00	651
 95.3830417	2024	103.3	5.01	4.99	0.95	1.00	28.00	19.40	985.00	200.00	651
 95.3830532	2024	104.3	4.99	4.99	0.95	1.00	28.00	19.40	985.00	200.00	651
 95.3830648	2024	105.3	5.00	4.99	0.95	1.00	28.00	19.40	985.00	200.00	651
 95.3830764	2024	106.3	5.00	5.00	0.95	1.00	28.00	19.40	985.00	200.00	651
 95.3830880	2024	107.3	4.99	5.00	0.95	1.00	28.00	19.40	985.00	200.00	652
 95.3830995	2024	108.3	5.01	5.00	0.95	1.00	28.00	19.40	985.00	200.00	652
 95.3831111	2024	109.3	4.99	4.99	0.95	1.00	28.00	19.40	985.00	200.00	652
 95.3831227	2024	110.3	5.01	5.00	0.95	1.00	28.00	19.40	985.00	200.00	652
 95.3831343	2024	111.3	4.99	5.00	0.95	1.00	28.00	19.40	985.00	200.00	652
 95.3831458	2024	112.3	4.99	5.01	0.95	1.00	28.10	19.40	985.00	200.00	652
 95.3831574	2024	113.3	5.00	5.01	0.95	1.00	28.00	19.40	985.00	200.00	652
 95.3831690	2024	114.3	5.00	5.00	0.95	1.00	28.10	19.40	985.00	200.00	652
 95.3831806	2024	115.3	5.01	5.01	0.95	1.00	28.10	19.40	985.00	200.00	652
 95.3831921	2024	116.3	5.00	5.01	0.95	1.00	28.00	19.40	985.00	200.00	652
 95.3832037	2024	117.3	5.00	5.00	0.95	1.00	28.00	19.40	985.00	200.00	651
 95.3832153	2024	118.3	5.02	5.00	0.95	1.00	28.10	19.40	985.00	200.00	651
 95.3832269	2024	119.3	5.00	5.00	0.95	1.00	28.10	19.40	985.00	200.00	651
 95.3832384	2024	120.3	5.00	5.00	0.95	1.00	28.10	19.40	985.00	200.00	651
 95.3832500	2024	121.3	4.98	5.01	0.95	1.00	28.10	19.40	985.00	200.00	651
 95.3832616	2024	122.3	4.99	5.00	0.95	1.00	28.10	19.40	985.00	200.00	651
 95.3832731	2024	123.3	5.00	5.01	0.95	1.00	28.10	19.40	985.00	400.00	651
 95.3832847	2024	124.3	4.99	5.00	0.95	1.00	28.10	19.40	985.00	400.00	1724
 95.3832963	2024	125.3	5.00	5.00	0.95	1.00	28.10	19.40	985.00	400.00	1724
 95.3833079	2024	126.3	5.01	5.00	0.95	1.00	28.10	19.40	985.00	400.00	1724
 95.3833194	2024	127.3	5.02	5.00	0.95	1.00	28.10	19.40	985.00	400.00	1724
 95.3833310	2024	128.3	5.00	5.00	0.95	1.00	28.10	19.40	985.00	400.00	1724
 95.3833426	2024	129.3	5.01	5.00	0.95	1.00	28.10	19.40	985.00	400.00	1724
 95.3833542	2024	130.3	4.98	5.00	0.95	1.00	28.10	19.40	985.00	400.00	1724
 95.3833657	2024	131.3	4.98	5.00	0.95	1.00	28.10	19.40	985.00	400.00	1724
 95.3833773	2024	132.3	4.98	5.01	0.95	1.00	28.10	19.40	985.00	400.00	1724
 95.3833889	2024	133.3	5.00	5.00	0.94	1.00	28.10	19.40	985.00	400.00	1724
 95.3834005	2024	134.3	5.01	4.99	0.94	1.00	28.10	19.40	985.00	400.00	1724
 95.3834120	2024	135.3	5.02	5.00	0.94	1.00	28.10	19.40	985.00	400.00	1724
 95.3834236	2024	136.3	5.00	4.99	0.93	1.00	28.10	19.40	985.00	400.00	1724
 95.3834352	2024	137.3	5.01	4.99	0.93	1.00	28.10	19.40	985.00	400.00	1724
 95.3834468	2024	138.3	4.96	5.01	0.94	1.00	28.10	19.40	985.00	400.00	1724
 95.3834583	2024	139.3	4.96	5.01	0.95	1.00	28.10	19.40	985.00	400.00	1724
 95.3834699	2024	140.3	4.96	5.01	0.95	1.00	28.10	19.40	985.00	400.00	1724
 95.3834815	2024	141.3	4.99	5.00	0.95	1.00	28.10	19.40	985.00	400.00	1724
 95.3834931	2024	142.3	5.01	5.00	0.94	1.00	28.10	19.40	985.00	400.00	1724
 95.3835046	2024	143.3	5.00	5.00	0.94	1.00	28.10	19.40	985.00	400.00	1724
 95.3835162	2024	144.3	5.00	5.00	0.94	1.00	28.10	19.40	985.00	400.00	1724
 95.3835278	2024	145.3	4.98	5.01	0.93	1.00	28.10	19.40	985.00	400.00	1724
 95.3835394	2024	146.3	4.99	4.99	0.93	1.00	28.10	19.40	985.00	400.00	1724
 95.3835509	2024	147.3	4.99	5.01	0.93	1.00	28.10	19.40	985.00	400.00	1724
 95.3835625	2024	148.3	5.01	5.00	0.94	1.00	28.10	19.40	985.00	400.00	1724
 95.3835741	2024	149.3	4.99	4.99	0.94	1.00	28.10	19.40	985.00	400.00	1724
 95.3835856	2024	150.3	5.00	5.00	0.94	1.00	28.10	19.40	985.00	400.00	1724
 95.3835972	2024	151.3	4.99	5.01	0.93	1.00	28.10	19.40	985.00	400.00	1724
 95.3836088	2024	152.3	5.00	5.00	0.94	1.00	28.20	19.40	985.00	400.00	1724
 95.3836204	2024	153.3	4.99	5.00	0.94	1.00	28.10	19.40	985.00	400.00	1724
 95.3836319	2024	154.3	4.99	5.00	0.94	1.00	28.10	19.40	985.00	400.00	1724
 95.3836435	2024	155.3	4.99	5.01	0.94	1.00	28.10	19.40	985.00	400.00	1724
 95.3836551	2024	156.3	5.00	5.00	0.94	1.00	28.10	19.40	985.00	400.00	1724
 95.3836667	2024	157.3	5.00	5.00	0.93	1.00	28.10	19.40	985.00	400.00	1724
 95.3836782	2024	158.4	4.99	4.99	0.94	1.00	28.10	19.40	985.00	400.00	1724
 95.3836898	2024	159.4	4.99	5.00	0.94	1.00	28.20	19.40	985.00	400.00	1724
 95.3837014	2024	160.4	5.01	5.00	0.94	1.00	28.10	19.40	985.00	400.00	1724
 95.3837130	2024	161.4	5.01	5.01	0.93	1.00	28.10	19.40	985.00	400.00	1724
 95.3837245	2024	162.4	4.98	4.99	0.94	1.00	28.10	19.40	985.00	400.00	1724
 95.3837361	2024	163.4	5.01	5.00	0.94	1.00	28.20	19.40	985.00	600.00	1724
 95.3837477	2024	164.4	5.00	4.99	0.94	1.00	28.10	19.40	985.00	600.00	2873
 95.3837593	2024	165.4	5.00	4.99	0.93	1.00	28.20	19.40	985.00	600.00	2873
 95.3837708	2024	166.4	5.00	4.99	0.93	1.00	28.20	19.40	985.00	600.00	2873
 95.3837824	2024	167.4	5.03	5.00	0.93	1.00	28.20	19.40	985.00	600.00	2873
 95.3837940	2024	168.4	5.02	4.99	0.93	1.00	28.20	19.50	985.00	600.00	2873
 95.3838056	2024	169.4	5.01	4.99	0.92	1.00	28.20	19.40	985.00	600.00	2873
 95.3838171	2024	170.4	5.01	4.99	0.92	1.00	28.20	19.40	985.00	600.00	2873
 95.3838287	2024	171.4	5.02	4.98	0.92	1.00	28.20	19.50	986.00	600.00	2873
 95.3838403	2024	172.4	4.99	4.99	0.93	1.00	28.20	19.50	985.00	600.00	2873
 95.3838519	2024	173.4	5.01	5.01	0.92	1.00	28.20	19.50	985.00	600.00	2873
 95.3838634	2024	174.4	5.01	5.00	0.92	1.00	28.20	19.50	985.00	600.00	2873
 95.3838750	2024	175.4	5.00	5.00	0.92	1.00	28.20	19.50	985.00	600.00	2873
 95.3838866	2024	176.4	5.00	5.02	0.93	1.00	28.20	19.50	985.00	600.00	2873
 95.3838981	2024	177.4	5.00	5.01	0.92	1.00	28.20	19.50	985.00	600.00	2873
 95.3839097	2024	178.4	5.00	5.00	0.93	1.00	28.20	19.50	985.00	600.00	2873
 95.3839213	2024	179.4	5.00	5.00	0.93	1.00	28.20	19.50	985.00	600.00	2873
 95.3839329	2024	180.4	5.02	5.00	0.92	1.00	28.20	19.50	985.00	600.00	2873
 95.3839444	2024	181.4	5.00	5.00	0.93	1.00	28.20	19.50	985.00	600.00	2873
 95.3839560	2024	182.4	5.00	4.99	0.93	1.00	28.20	19.50	985.00	600.00	2873
 95.3839676	2024	183.4	5.00	5.00	0.93	1.00	28.20	19.50	985.00	600.00	2873
 95.3839792	2024	184.4	4.99	5.00	0.94	1.00	28.20	19.50	985.00	600.00	2873
 95.3839907	2024	185.4	5.01	5.01	0.93	1.00	28.20	19.50	985.00	600.00	2873
 95.3840023	2024	186.4	5.02	5.01	0.93	1.00	28.20	19.50	985.00	600.00	2873
 95.3840139	2024	187.4	4.99	5.00	0.93	1.00	28.20	19.50	985.00	600.00	2873
 95.3840255	2024	188.4	5.00	4.99	0.93	1.00	28.20	19.50	985.00	600.00	2873
 95.3840370	2024	189.4	4.99	4.99	0.93	1.00	28.20	19.50	985.00	600.00	2873
 95.3840486	2024	190.4	5.02	5.01	0.93	1.00	28.20	19.50	985.00	600.00	2873
 95.3840602	2024	191.4	4.99	5.00	0.94	1.00	28.20	19.50	985.00	600.00	2873
 95.3840718	2024	192.4	4.99	5.01	0.93	1.00	28.20	19.50	985.00	600.00	2873
 95.3840833	2024	193.4	4.99	5.01	0.94	1.00	28.20	19.50	985.00	600.00	2873
 95.3840949	2024	194.4	5.00	5.00	0.94	1.00	28.20	19.50	985.00	600.00	2873
 95.3841065	2024	195.4	4.99	5.00	0.93	1.00	28.20	19.50	985.00	600.00	2873
 95.3841181	2024	196.4	5.01	5.00	0.94	1.00	28.20	19.50	985.00	600.00	2873
 95.3841296	2024	197.4	5.00	5.01	0.94	1.00	28.20	19.50	985.00	600.00	2873
 95.3841412	2024	198.4	5.01	5.00	0.94	1.00	28.20	19.50	985.00	600.00	2873
 95.3841528	2024	199.4	5.01	5.01	0.94	1.00	28.20	19.50	985.00	600.00	2873
 95.3841644	2024	200.4	4.99	5.00	0.94	1.00	28.20	19.50	985.00	600.00	2873
 95.3841759	2024	201.4	5.02	5.01	0.94	1.00	28.30	19.50	985.00	600.00	2873
 95.3841875	2024	202.4	5.01	5.00	0.93	1.00	28.30	19.50	985.00	600.00	2873
 95.3841991	2024	203.4	4.99	5.01	0.93	1.00	28.30	19.50	985.00	800.00	2873
 95.3842106	2024	204.4	5.00	5.00	0.93	1.00	28.30	19.50	985.00	800.00	4051
 95.3842222	2024	205.4	5.00	5.01	0.93	1.00	28.30	19.50	985.00	800.00	4051
 95.3842338	2024	206.4	5.00	5.00	0.93	1.00	28.20	19.50	985.00	800.00	4051
 95.3842454	2024	207.4	5.01	5.00	0.93	1.00	28.30	19.50	985.00	800.00	4051
 95.3842569	2024	208.4	5.01	5.00	0.93	1.00	28.30	19.50	985.00	800.00	4051
 95.3842685	2024	209.4	5.00	5.00	0.92	1.00	28.30	19.50	985.00	800.00	4051
 95.3842801	2024	210.4	4.98	4.99	0.92	1.00	28.30	19.50	985.00	800.00	4051
 95.3842917	2024	211.4	5.01	5.00	0.93	1.00	28.30	19.50	985.00	800.00	4051
 95.3843032	2024	212.4	5.00	4.99	0.93	1.00	28.30	19.50	985.00	800.00	4051
 95.3843148	2024	213.4	5.01	5.01	0.93	1.00	28.30	19.50	985.00	800.00	4051
 95.3843264	2024	214.4	5.00	4.99	0.92	1.00	28.30	19.50	985.00	800.00	4051
 95.3843380	2024	215.4	4.98	5.00	0.93	1.00	28.30	19.50	985.00	800.00	4051
 95.3843495	2024	216.4	5.01	5.01	0.93	1.00	28.30	19.50	985.00	800.00	4051
 95.3843611	2024	217.4	5.01	5.01	0.93	1.00	28.30	19.50	986.00	800.00	4052
 95.3843727	2024	218.4	5.02	5.00	0.93	1.00	28.30	19.50	985.00	800.00	4052
 95.3843843	2024	219.4	5.01	5.00	0.93	1.00	28.30	19.50	985.00	800.00	4052
 95.3843958	2024	220.4	5.00	5.00	0.93	1.00	28.30	19.50	985.00	800.00	4052
 95.3844074	2024	221.4	5.01	5.01	0.93	1.00	28.30	19.50	985.00	800.00	4052
 95.3844190	2024	222.4	5.01	5.00	0.93	1.00	28.30	19.50	985.00	800.00	4052
 95.3844306	2024	223.4	4.99	4.99	0.93	1.00	28.30	19.50	985.00	800.00	4052
 95.3844421	2024	224.4	5.00	4.99	0.93	1.00	28.30	19.50	985.00	800.00	4052
 95.3844537	2024	225.4	5.01	5.00	0.93	1.00	28.20	19.50	985.00	800.00	4052
 95.3844653	2024	226.4	4.99	4.99	0.92	1.00	28.30	19.50	985.00	800.00	4052
 95.3844769	2024	227.4	5.01	5.00	0.92	1.00	28.30	19.50	985.00	800.00	4052
 95.3844884	2024	228.4	5.00	5.01	0.92	1.00	28.30	19.50	985.00	800.00	4052
 95.3845000	2024	229.4	4.99	5.01	0.92	1.00	28.30	19.50	985.00	800.00	4052
 95.3845116	2024	230.4	5.01	5.00	0.92	1.00	28.30	19.50	985.00	800.00	4052
 95.3845231	2024	231.4	4.99	5.00	0.91	1.00	28.30	19.50	985.00	800.00	4052
 95.3845347	2024	232.4	5.00	5.00	0.91	1.00	28.30	19.50	985.00	800.00	4052
 95.3845463	2024	233.4	4.99	5.01	0.92	1.00	28.30	19.50	985.00	800.00	4052
 95.3845579	2024	234.4	5.00	5.00	0.91	1.00	28.30	19.50	986.00	800.00	4052
 95.3845694	2024	235.4	5.00	5.01	0.91	1.00	28.30	19.50	985.00	800.00	4052
 95.3845810	2024	236.4	4.99	5.00	0.91	1.00	28.30	19.50	985.00	800.00	4052
 95.3845926	2024	237.4	5.00	5.00	0.91	1.00	28.30	19.50	985.00	800.00	4052
 95.3846042	2024	238.4	5.00	5.01	0.91	1.00	28.30	19.50	986.00	800.00	4052
 95.3846157	2024	239.4	5.00	5.00	0.92	1.00	28.30	19.60	985.00	800.00	4052
 95.3846273	2024	240.4	5.00	5.01	0.91	1.00	28.30	19.60	985.00	800.00	4052
 95.3846389	2024	241.4	5.01	4.99	0.92	1.00	28.30	19.50	985.00	800.00	4052
 95.3846505	2024	242.4	4.99	5.00	0.92	1.00	28.30	19.60	985.00	800.00	4052
 95.3846620	2024	243.4	5.00	5.01	0.92	1.00	28.30	19.60	985.00	1000.00	4052
 95.3846736	2024	244.4	5.00	5.00	0.92	1.00	28.30	19.60	985.00	1000.00	5245
 95.3846852	2024	245.4	4.99	5.00	0.92	1.00	28.30	19.60	985.00	1000.00	5245
 95.3846968	2024	246.4	5.01	5.00	0.92	1.00	28.30	19.60	985.00	1000.00	5245
 95.3847083	2024	247.4	5.00	5.02	0.93	1.00	28.30	19.60	985.00	1000.00	5245
 95.3847199	2024	248.4	4.99	4.99	0.92	1.00	28.30	19.60	985.00	1000.00	5245
 95.3847315	2024	249.4	4.99	5.00	0.93	1.00	28.30	19.60	985.00	1000.00	5245
 95.3847431	2024	250.4	4.99	5.01	0.93	1.00	28.30	19.60	985.00	1000.00	5245
 95.3847546	2024	251.4	5.01	5.00	0.93	1.00	28.30	19.60	985.00	1000.00	5245
 95.3847662	2024	252.4	5.01	5.01	0.93	1.00	28.30	19.60	985.00	1000.00	5245
 95.3847778	2024	253.4	5.01	4.99	0.93	1.00	28.30	19.60	985.00	1000.00	5245
 95.3847894	2024	254.4	5.01	5.01	0.93	1.00	28.30	19.60	985.00	1000.00	5245
 95.3848009	2024	255.4	4.98	4.99	0.92	1.00	28.30	19.60	985.00	1000.00	5245
 95.3848125	2024	256.4	5.00	4.99	0.92	1.00	28.30	19.60	985.00	1000.00	5245
 95.3848241	2024	257.4	5.01	5.00	0.92	1.00	28.40	19.60	985.00	1000.00	5245
 95.3848356	2024	258.4	5.00	4.99	0.92	1.00	28.30	19.60	985.00	1000.00	5245
 95.3848472	2024	259.4	5.00	5.00	0.92	1.00	28.40	19.60	985.00	1000.00	5245
 95.3848588	2024	260.4	4.99	5.00	0.93	1.00	28.40	19.60	985.00	1000.00	5245
 95.3848704	2024	261.4	5.01	5.00	0.93	1.00	28.30	19.60	985.00	1000.00	5245
 95.3848819	2024	262.4	4.98	4.99	0.93	1.00	28.40	19.60	985.00	1000.00	5245
 95.3848935	2024	263.4	5.02	5.00	0.92	1.00	28.40	19.60	985.00	1000.00	5245
 95.3849051	2024	264.4	5.05	5.00	0.91	1.00	28.40	19.60	985.00	1000.00	5245
 95.3849167	2024	265.4	5.03	5.01	0.91	1.00	28.40	19.60	985.00	1000.00	5245
 95.3849282	2024	266.4	5.02	5.00	0.91	1.00	28.40	19.60	985.00	1000.00	5245
 95.3849398	2024	267.4	5.00	5.00	0.91	1.00	28.40	19.60	985.00	1000.00	5245
 95.3849514	2024	268.4	4.99	5.01	0.91	1.00	28.40	19.60	985.00	1000.00	5245
 95.3849630	2024	269.4	4.99	5.01	0.92	1.00	28.40	19.60	985.00	1000.00	5245
 95.3849745	2024	270.4	5.03	5.02	0.92	1.00	28.40	19.60	985.00	1000.00	5245
 95.3849861	2024	271.4	5.00	5.01	0.92	1.00	28.40	19.60	985.00	1000.00	5245
 95.3849977	2024	272.4	4.99	5.00	0.92	1.00	28.40	19.60	985.00	1000.00	5245
 95.3850093	2024	273.4	5.00	5.00	0.92	1.00	28.40	19.60	985.00	1000.00	5245
 95.3850208	2024	274.4	5.00	5.00	0.92	1.00	28.40	19.60	985.00	1000.00	5245
 95.3850324	2024	275.4	4.99	4.99	0.92	1.00	28.40	19.60	985.00	1000.00	5245
 95.3850440	2024	276.4	5.01	5.01	0.92	1.00	28.40	19.60	985.00	1000.00	5245
 95.3850556	2024	277.4	5.00	5.01	0.92	1.00	28.40	19.60	985.00	1000.00	5245
 95.3850671	2024	278.4	5.00	5.01	0.92	1.00	28.40	19.60	985.00	1000.00	5245
 95.3850787	2024	279.4	5.02	5.01	0.92	1.00	28.40	19.60	985.00	1000.00	5245
 95.3850903	2024	280.4	5.00	5.00	0.92	1.00	28.40	19.60	985.00	1000.00	5245
 95.3851019	2024	281.4	5.01	5.01	0.92	1.00	28.40	19.60	985.00	1000.00	5245
 95.3851134	2024	282.4	4.98	5.01	0.92	1.00	28.40	19.60	985.00	1000.00	5245
 95.3851262	2024	283.4	5.00	5.01	0.92	1.00	28.40	19.60	985.00	800.00	5245
 95.3851377	2024	284.4	4.99	5.00	0.92	1.00	28.40	19.60	985.00	800.00	4052
 95.3851481	2024	285.4	4.99	5.00	0.92	1.00	28.40	19.60	985.00	800.00	4052
 95.3851597	2024	286.4	5.00	4.99	0.92	1.00	28.40	19.60	985.00	800.00	4052
 95.3851713	2024	287.4	5.00	5.00	0.92	1.00	28.40	19.60	985.00	800.00	4052
 95.3851829	2024	288.4	5.01	5.01	0.92	1.00	28.40	19.60	985.00	800.00	4052
 95.3851944	2024	289.4	5.02	5.00	0.92	1.00	28.40	19.60	985.00	800.00	4052
 95.3852060	2024	290.4	5.02	5.00	0.92	1.00	28.40	19.60	985.00	800.00	4052
 95.3852176	2024	291.4	4.99	4.99	0.92	1.00	28.40	19.60	985.00	800.00	4052
 95.3852292	2024	292.4	4.99	5.00	0.92	1.00	28.40	19.60	985.00	800.00	4052
 95.3852407	2024	293.4	5.02	5.01	0.92	1.00	28.40	19.60	985.00	800.00	4052
 95.3852523	2024	294.4	5.00	5.00	0.92	1.00	28.40	19.60	985.00	800.00	4052
 95.3852639	2024	295.4	5.00	4.99	0.92	1.00	28.40	19.60	985.00	800.00	4052
 95.3852755	2024	296.4	4.99	5.00	0.92	1.00	28.40	19.60	985.00	800.00	4052
 95.3852870	2024	297.4	5.00	4.98	0.92	1.00	28.40	19.60	985.00	800.00	4052
 95.3852986	2024	298.4	4.99	5.00	0.92	1.00	28.40	19.60	985.00	800.00	4052
 95.3853113	2024	299.4	5.00	5.00	0.92	1.00	28.40	19.60	985.00	800.00	4052
 95.3853229	2024	300.4	4.98	5.00	0.92	1.00	28.40	19.60	985.00	800.00	4052
 95.3853345	2024	301.4	5.01	4.98	0.92	1.00	28.40	19.60	985.00	800.00	4052
 95.3853449	2024	302.4	5.01	4.99	0.92	1.00	28.40	19.60	985.00	800.00	4053
 95.3853565	2024	303.4	5.00	5.00	0.92	1.00	28.40	19.60	985.00	800.00	4053
 95.3853681	2024	304.4	5.00	4.99	0.92	1.00	28.40	19.60	985.00	800.00	4053
 95.3853796	2024	305.4	4.99	5.01	0.92	1.00	28.40	19.60	985.00	800.00	4053
 95.3853912	2024	306.4	4.99	5.00	0.92	1.00	28.40	19.60	985.00	800.00	4053
 95.3854028	2024	307.4	4.99	5.01	0.92	1.00	28.40	19.60	985.00	800.00	4052
 95.3854144	2024	308.4	5.02	5.01	0.93	1.00	28.50	19.70	985.00	800.00	4052
 95.3854259	2024	309.4	5.00	5.00	0.92	1.00	28.40	19.70	985.00	800.00	4052
 95.3854375	2024	310.4	5.00	5.01	0.92	1.00	28.50	19.60	985.00	800.00	4052
 95.3854491	2024	311.4	4.98	5.00	0.92	1.00	28.40	19.60	985.00	800.00	4052
 95.3854618	2024	312.4	4.99	5.01	0.92	1.00	28.50	19.70	985.00	800.00	4053
 95.3854734	2024	313.4	4.99	4.99	0.92	1.00	28.50	19.70	985.00	800.00	4053
 95.3854850	2024	314.4	4.98	5.00	0.93	1.00	28.50	19.70	985.00	800.00	4053
 95.3854965	2024	315.4	5.01	5.00	0.93	1.00	28.50	19.70	985.00	800.00	4053
 95.3855081	2024	316.4	5.00	5.00	0.92	1.00	28.40	19.70	985.00	800.00	4053
 95.3855197	2024	317.4	4.99	5.01	0.93	1.00	28.50	19.70	985.00	800.00	4053
 95.3855312	2024	318.4	5.00	5.00	0.93	1.00	28.50	19.70	985.00	800.00	4053
 95.3855428	2024	319.4	4.99	5.01	0.92	1.00	28.50	19.70	985.00	800.00	4053
 95.3855544	2024	320.4	4.98	5.01	0.92	1.00	28.50	19.70	985.00	800.00	4053
 95.3855660	2024	321.4	5.01	5.00	0.93	1.00	28.50	19.70	985.00	800.00	4053
 95.3855775	2024	322.4	4.99	5.00	0.92	1.00	28.50	19.70	985.00	800.00	4053
 95.3855891	2024	323.4	5.02	5.01	0.92	1.00	28.50	19.70	985.00	600.00	4053
 95.3856007	2024	324.4	4.99	5.01	0.92	1.00	28.50	19.70	985.00	600.00	2874
 95.3856123	2024	325.4	4.99	4.98	0.92	1.00	28.50	19.70	985.00	600.00	2874
 95.3856238	2024	326.4	5.01	5.00	0.92	1.00	28.50	19.70	985.00	600.00	2874
 95.3856354	2024	327.4	5.00	5.00	0.92	1.00	28.50	19.70	985.00	600.00	2874
 95.3856470	2024	328.4	4.99	5.00	0.92	1.00	28.50	19.70	985.00	600.00	2874
 95.3856586	2024	329.4	5.00	5.01	0.92	1.00	28.50	19.70	985.00	600.00	2874
 95.3856701	2024	330.4	4.99	5.00	0.92	1.00	28.50	19.70	985.00	600.00	2874
 95.3856817	2024	331.4	4.99	5.01	0.92	1.00	28.50	19.70	985.00	600.00	2874
 95.3856933	2024	332.4	5.00	5.00	0.92	1.00	28.50	19.70	985.00	600.00	2874
 95.3857049	2024	333.4	4.99	5.00	0.92	1.00	28.50	19.70	985.00	600.00	2874
 95.3857164	2024	334.4	5.00	5.01	0.92	1.00	28.50	19.70	985.00	600.00	2874
 95.3857280	2024	335.4	4.98	5.01	0.92	1.00	28.50	19.70	985.00	600.00	2874
 95.3857396	2024	336.4	4.98	5.01	0.92	1.00	28.50	19.70	985.00	600.00	2874
 95.3857512	2024	337.4	5.01	5.01	0.92	1.00	28.50	19.70	985.00	600.00	2874
 95.3857627	2024	338.4	5.00	5.00	0.93	1.00	28.50	19.70	985.00	600.00	2874
 95.3857743	2024	339.4	5.00	5.01	0.93	1.00	28.50	19.70	985.00	600.00	2874
 95.3857859	2024	340.4	5.02	5.01	0.93	1.00	28.50	19.70	985.00	600.00	2874
 95.3857975	2024	341.4	5.01	5.00	0.93	1.00	28.50	19.70	985.00	600.00	2874
 95.3858090	2024	342.4	5.01	5.00	0.92	1.00	28.50	19.70	985.00	600.00	2874
 95.3858206	2024	343.4	5.02	5.00	0.93	1.00	28.50	19.70	985.00	600.00	2874
 95.3858322	2024	344.4	4.98	4.99	0.92	1.00	28.50	19.70	985.00	600.00	2874
 95.3858438	2024	345.4	5.01	4.99	0.92	1.00	28.50	19.70	985.00	600.00	2874
 95.3858553	2024	346.4	4.99	5.00	0.92	1.00	28.50	19.70	985.00	600.00	2874
 95.3858669	2024	347.4	5.02	4.99	0.92	1.00	28.50	19.70	985.00	600.00	2874
 95.3858785	2024	348.4	5.01	4.98	0.92	1.00	28.50	19.70	985.00	600.00	2874
 95.3858900	2024	349.4	5.01	5.00	0.92	1.00	28.50	19.70	985.00	600.00	2874
 95.3859016	2024	350.4	5.00	5.00	0.92	1.00	28.50	19.70	985.00	600.00	2874
 95.3859132	2024	351.4	5.00	5.00	0.92	1.00	28.50	19.70	985.00	600.00	2874
 95.3859248	2024	352.4	5.01	4.99	0.92	1.00	28.50	19.70	985.00	600.00	2874
 95.3859363	2024	353.4	5.01	4.99	0.92	1.00	28.50	19.70	985.00	600.00	2874
 95.3859479	2024	354.4	4.98	5.01	0.93	1.00	28.50	19.70	985.00	600.00	2874
 95.3859595	2024	355.4	4.99	4.99	0.92	1.00	28.50	19.70	985.00	600.00	2874
 95.3859711	2024	356.4	4.99	5.00	0.92	1.00	28.50	19.70	985.00	600.00	2874
 95.3859826	2024	357.4	4.97	4.99	0.92	1.00	28.50	19.70	985.00	600.00	2874
 95.3859942	2024	358.4	5.01	5.00	0.93	1.00	28.50	19.70	985.00	600.00	2874
 95.3860058	2024	359.4	5.00	5.01	0.93	1.00	28.60	19.70	985.00	600.00	2874
 95.3860174	2024	360.4	5.03	5.01	0.93	1.00	28.60	19.70	985.00	600.00	2874
 95.3860289	2024	361.4	4.99	5.00	0.93	1.00	28.50	19.70	985.00	600.00	2874
 95.3860405	2024	362.4	5.00	5.00	0.93	1.00	28.50	19.70	985.00	600.00	2874
 95.3860521	2024	363.4	4.98	5.00	0.93	1.00	28.50	19.70	985.00	400.00	2874
 95.3860637	2024	364.4	5.01	5.00	0.93	1.00	28.50	19.70	985.00	400.00	1724
 95.3860752	2024	365.4	4.99	5.01	0.93	1.00	28.50	19.70	985.00	400.00	1724
 95.3860868	2024	366.4	4.99	5.01	0.93	1.00	28.60	19.70	985.00	400.00	1724
 95.3860984	2024	367.4	5.00	4.99	0.93	1.00	28.50	19.70	985.00	400.00	1725
 95.3861100	2024	368.4	5.00	5.01	0.93	1.00	28.60	19.70	985.00	400.00	1725
 95.3861215	2024	369.4	5.01	5.01	0.93	1.00	28.60	19.70	985.00	400.00	1725
 95.3861331	2024	370.4	4.99	5.00	0.93	1.00	28.60	19.70	985.00	400.00	1725
 95.3861447	2024	371.4	5.00	5.01	0.93	1.00	28.60	19.70	985.00	400.00	1725
 95.3861563	2024	372.4	4.99	5.00	0.93	1.00	28.60	19.70	985.00	400.00	1725
 95.3861678	2024	373.4	4.99	5.00	0.93	1.00	28.50	19.70	985.00	400.00	1725
 95.3861794	2024	374.4	5.00	5.00	0.93	1.00	28.60	19.70	985.00	400.00	1725
 95.3861910	2024	375.4	5.02	5.01	0.93	1.00	28.60	19.70	985.00	400.00	1725
 95.3862025	2024	376.4	5.00	4.99	0.93	1.00	28.60	19.70	985.00	400.00	1725
 95.3862141	2024	377.4	4.97	5.00	0.93	1.00	28.60	19.70	985.00	400.00	1725
 95.3862257	2024	378.4	5.01	5.01	0.93	1.00	28.60	19.70	985.00	400.00	1725
 95.3862373	2024	379.4	4.99	5.00	0.93	1.00	28.60	19.70	985.00	400.00	1725
 95.3862488	2024	380.4	4.98	5.01	0.92	1.00	28.60	19.70	985.00	400.00	1725
 95.3862604	2024	381.4	5.00	5.01	0.93	1.00	28.60	19.70	985.00	400.00	1725
 95.3862720	2024	382.4	5.00	5.01	0.93	1.00	28.60	19.70	985.00	400.00	1725
 95.3862836	2024	383.4	5.00	5.01	0.93	1.00	28.60	19.80	985.00	400.00	1725
 95.3862951	2024	384.4	5.01	5.01	0.93	1.00	28.60	19.70	985.00	400.00	1725
 95.3863067	2024	385.4	5.01	5.01	0.93	1.00	28.60	19.80	985.00	400.00	1725
 95.3863183	2024	386.4	5.01	5.00	0.94	1.00	28.60	19.80	985.00	400.00	1725
 95.3863299	2024	387.4	4.99	5.01	0.94	1.00	28.60	19.70	985.00	400.00	1724
 95.3863414	2024	388.4	5.00	5.00	0.95	1.00	28.60	19.80	985.00	400.00	1724
 95.3863530	2024	389.4	5.01	5.00	0.95	1.00	28.60	19.80	985.00	400.00	1724
 95.3863646	2024	390.4	4.99	5.01	0.95	1.00	28.60	19.80	985.00	400.00	1724
 95.3863762	2024	391.4	4.96	4.99	0.96	1.00	28.60	19.80	985.00	400.00	1724
 95.3863877	2024	392.4	4.98	5.00	0.96	1.00	28.60	19.80	984.00	400.00	1724
 95.3863993	2024	393.4	4.98	5.00	0.96	1.00	28.60	19.80	984.00	400.00	1724
 95.3864109	2024	394.4	4.99	4.99	0.96	1.00	28.60	19.80	985.00	400.00	1724
 95.3864225	2024	395.4	5.00	5.00	0.95	1.00	28.60	19.80	984.00	400.00	1724
 95.3864340	2024	396.4	4.99	4.99	0.95	1.00	28.60	19.80	984.00	400.00	1724
 95.3864456	2024	397.4	5.00	5.00	0.95	1.00	28.60	19.80	984.00	400.00	1724
 95.3864572	2024	398.4	4.97	4.99	0.95	1.00	28.60	19.80	985.00	400.00	1724
 95.3864688	2024	399.4	4.99	4.99	0.95	1.00	28.60	19.80	984.00	400.00	1724
 95.3864803	2024	400.4	4.98	5.00	0.95	1.00	28.60	19.80	984.00	400.00	1724
 95.3864919	2024	401.4	4.98	5.01	0.95	1.00	28.60	19.80	985.00	400.00	1724
 95.3865035	2024	402.4	5.01	5.00	0.94	1.00	28.60	19.80	985.00	400.00	1724
 95.3865150	2024	403.4	5.00	5.01	0.94	1.00	28.60	19.80	985.00	200.00	1724
 95.3865266	2024	404.4	5.01	4.99	0.94	1.00	28.60	19.80	985.00	200.00	652
 95.3865382	2024	405.4	5.02	4.99	0.94	1.00	28.60	19.80	985.00	200.00	652
 95.3865498	2024	406.4	5.01	5.00	0.94	1.00	28.60	19.80	985.00	200.00	652
 95.3865613	2024	407.4	4.98	5.01	0.94	1.00	28.60	19.80	985.00	200.00	652
 95.3865729	2024	408.4	4.99	5.00	0.94	1.00	28.60	19.80	985.00	200.00	652
 95.3865845	2024	409.4	4.99	5.00	0.94	1.00	28.60	19.80	985.00	200.00	652
 95.3865961	2024	410.4	5.00	4.99	0.94	1.00	28.60	19.80	985.00	200.00	652
 95.3866076	2024	411.4	5.00	5.00	0.94	1.00	28.70	19.80	985.00	200.00	652
 95.3866192	2024	412.4	5.01	4.99	0.94	1.00	28.60	19.80	985.00	200.00	652
 95.3866308	2024	413.4	5.01	5.00	0.95	1.00	28.60	19.80	985.00	200.00	652
 95.3866424	2024	414.4	4.98	5.00	0.95	1.00	28.70	19.80	985.00	200.00	652
 95.3866539	2024	415.4	4.99	5.00	0.94	1.00	28.60	19.80	985.00	200.00	652
 95.3866655	2024	416.4	4.96	5.00	0.94	1.00	28.60	19.80	985.00	200.00	652
 95.3866771	2024	417.4	5.00	5.00	0.94	1.00	28.60	19.80	985.00	200.00	652
 95.3866887	2024	418.4	5.00	4.99	0.94	1.00	28.60	19.80	985.00	200.00	652
 95.3867002	2024	419.4	5.01	4.99	0.94	1.00	28.60	19.80	985.00	200.00	652
 95.3867118	2024	420.4	5.01	5.00	0.94	1.00	28.60	19.80	985.00	200.00	652
 95.3867234	2024	421.4	5.00	5.00	0.94	1.00	28.70	19.80	985.00	200.00	652
 95.3867350	2024	422.4	4.99	5.02	0.94	1.00	28.60	19.80	985.00	200.00	652
 95.3867465	2024	423.4	4.97	5.00	0.94	1.00	28.60	19.80	985.00	200.00	652
 95.3867581	2024	424.4	4.99	5.00	0.94	1.00	28.70	19.80	985.00	200.00	652
 95.3867697	2024	425.4	5.00	5.02	0.93	1.00	28.70	19.80	985.00	200.00	652
 95.3867813	2024	426.4	5.02	5.00	0.93	1.00	28.70	19.80	985.00	200.00	652
 95.3867928	2024	427.4	5.01	4.99	0.93	1.00	28.70	19.80	985.00	200.00	652
 95.3868044	2024	428.4	4.98	4.99	0.93	1.00	28.70	19.80	985.00	200.00	652
 95.3868160	2024	429.4	4.99	5.00	0.93	1.00	28.70	19.80	985.00	200.00	652
 95.3868275	2024	430.4	5.00	5.00	0.94	1.00	28.70	19.80	985.00	200.00	652
 95.3868391	2024	431.4	4.98	5.00	0.94	1.00	28.60	19.80	985.00	200.00	652
 95.3868507	2024	432.4	5.01	5.00	0.94	1.00	28.60	19.80	985.00	200.00	652
 95.3868623	2024	433.4	5.02	4.99	0.94	1.00	28.70	19.80	985.00	200.00	652
 95.3868738	2024	434.4	5.01	4.99	0.94	1.00	28.70	19.80	985.00	200.00	652
 95.3868854	2024	435.4	5.00	4.99	0.94	1.00	28.70	19.80	985.00	200.00	652
 95.3868970	2024	436.4	5.02	5.00	0.94	1.00	28.70	19.80	985.00	200.00	652
 95.3869086	2024	437.4	4.98	5.02	0.94	1.00	28.70	19.80	985.00	200.00	652
 95.3869201	2024	438.4	5.00	5.00	0.95	1.00	28.70	19.80	985.00	200.00	652
 95.3869317	2024	439.4	5.01	5.01	0.95	1.00	28.70	19.80	985.00	200.00	652
 95.3869433	2024	440.4	4.99	5.00	0.95	1.00	28.70	19.80	984.00	200.00	652
 95.3869549	2024	441.4	5.02	4.99	0.95	1.00	28.70	19.80	985.00	200.00	652
 95.3869664	2024	442.4	5.02	4.99	0.94	1.00	28.70	19.80	985.00	200.00	652
 95.3869780	2024	443.4	4.99	4.99	0.94	1.00	28.70	19.80	985.00	180.00	652
 95.3869896	2024	444.4	5.02	4.99	0.94	1.00	28.70	19.80	985.00	180.00	555
 95.3870012	2024	445.4	4.98	5.00	0.94	1.00	28.70	19.80	985.00	180.00	555
 95.3870127	2024	446.4	4.99	4.99	0.93	1.00	28.70	19.80	985.00	180.00	555
 95.3870243	2024	447.4	5.01	4.99	0.93	1.00	28.70	19.80	985.00	180.00	555
 95.3870359	2024	448.4	5.02	5.01	0.93	1.00	28.70	19.80	985.00	180.00	555
 95.3870475	2024	449.4	4.97	5.00	0.93	1.00	28.70	19.80	985.00	180.00	555
 95.3870590	2024	450.4	4.99	5.01	0.93	1.00	28.70	19.80	985.00	180.00	555
 95.3870706	2024	451.4	5.01	5.01	0.93	1.00	28.70	19.80	985.00	180.00	555
 95.3870822	2024	452.4	5.00	4.99	0.92	1.00	28.70	19.90	985.00	180.00	555
 95.3870938	2024	453.4	5.01	5.00	0.92	1.00	28.70	19.90	985.00	180.00	555
 95.3871053	2024	454.4	5.01	5.00	0.92	1.00	28.70	19.90	985.00	180.00	555
 95.3871169	2024	455.4	4.98	4.99	0.92	1.00	28.70	19.80	985.00	180.00	555
 95.3871285	2024	456.4	5.02	5.02	0.92	1.00	28.70	19.90	985.00	180.00	555
 95.3871400	2024	457.4	5.03	5.02	0.92	1.00	28.70	19.90	985.00	180.00	555
 95.3871516	2024	458.4	5.04	5.02	0.93	1.00	28.70	19.90	985.00	180.00	555
 95.3871632	2024	459.4	5.00	5.02	0.94	1.00	28.70	19.90	985.00	180.00	555
 95.3871748	2024	460.4	4.98	5.01	0.95	1.00	28.70	19.90	984.00	180.00	555
 95.3871863	2024	461.4	4.98	5.00	0.96	1.00	28.70	19.90	985.00	180.00	555
 95.3871979	2024	462.4	5.01	5.01	0.96	1.00	28.70	19.90	984.00	180.00	555
 95.3872095	2024	463.4	5.00	5.01	0.96	1.00	28.70	19.90	985.00	180.00	555
 95.3872211	2024	464.4	5.00	5.00	0.96	1.00	28.70	19.90	984.00	180.00	555
 95.3872326	2024	465.4	5.00	5.01	0.97	1.00	28.70	19.90	984.00	180.00	555
 95.3872442	2024	466.4	5.01	5.01	0.97	1.00	28.70	19.90	984.00	180.00	555
 95.3872558	2024	467.4	5.00	5.01	0.97	1.00	28.70	19.90	984.00	180.00	555
 95.3872674	2024	468.4	4.99	5.01	0.97	1.00	28.70	19.90	984.00	180.00	555
 95.3872789	2024	469.4	5.00	5.01	0.97	1.00	28.70	19.90	984.00	180.00	555
 95.3872905	2024	470.4	4.97	5.00	0.97	1.00	28.70	19.90	984.00	180.00	555
 95.3873021	2024	471.4	4.99	4.99	0.96	1.00	28.70	19.90	984.00	180.00	555
 95.3873137	2024	472.4	4.99	5.00	0.96	1.00	28.70	19.90	984.00	180.00	555
 95.3873252	2024	473.4	5.00	4.99	0.96	1.00	28.70	19.90	984.00	180.00	555
 95.3873368	2024	474.4	5.00	4.99	0.96	1.00	28.70	19.90	984.00	180.00	555
 95.3873484	2024	475.4	5.01	5.01	0.95	1.00	28.70	19.90	985.00	180.00	555
 95.3873600	2024	476.4	5.01	5.00	0.95	1.00	28.70	19.90	985.00	180.00	555
 95.3873715	2024	477.4	5.01	5.00	0.95	1.00	28.70	19.90	985.00	180.00	555
 95.3873831	2024	478.4	4.98	5.00	0.95	1.00	28.70	19.90	985.00	180.00	555
 95.3873947	2024	479.4	5.01	4.99	0.95	1.00	28.70	19.90	985.00	180.00	555
 95.3874063	2024	480.4	4.99	5.01	0.95	1.00	28.70	19.90	985.00	180.00	555
 95.3874178	2024	481.4	5.00	5.00	0.95	1.00	28.70	19.90	984.00	180.00	555
 95.3874294	2024	482.4	5.01	4.98	0.95	1.00	28.70	19.90	985.00	180.00	555
 95.3874410	2024	483.4	5.00	5.00	0.96	1.00	28.70	19.90	984.00	180.00	555
