#SEMS Data
#--------------------------------------------------------
#BMI DASH SN:   0
#BMI SEMS SN:   0
#--------------------------------------------------------
#DOY.Frac	YYYY	Secs	UpSt_Sh	UpSt_Xs	UpSt_Samp	UpSt_FAdj	UpSt_Rh	UpSt_T	UpSt_Press	UpSt_Dia	UpSt_HV
 95.3898611	2024	0.6	5.01	4.99	0.86	1.00	28.90	20.20	986.00	200.00	652
 95.3898727	2024	1.6	5.01	5.00	0.86	1.00	28.90	20.20	986.00	200.00	652
 95.3898843	2024	2.6	4.99	5.00	0.87	1.00	28.90	20.20	986.00	200.00	652
 95.3898958	2024	3.6	5.00	4.99	0.87	1.00	28.90	20.20	986.00	200.00	652
 95.3899074	2024	4.6	5.02	5.00	0.87	1.00	28.90	20.20	986.00	200.00	652
 95.3899190	2024	5.6	5.00	4.99	0.87	1.00	28.90	20.20	986.00	200.00	652
 95.3899306	2024	6.6	5.01	5.00	0.87	1.00	28.90	20.20	986.00	200.00	652
 95.3899421	2024	7.6	5.01	5.00	0.87	1.00	28.90	20.20	986.00	200.00	652
 95.3899537	2024	8.6	5.00	5.00	0.87	1.00	28.90	20.20	986.00	200.00	652
 95.3899653	2024	9.6	4.99	4.99	0.87	1.00	28.90	20.20	986.00	200.00	652
 95.3899769	2024	10.6	5.00	4.99	0.87	1.00	28.90	20.20	986.00	200.00	652
 95.3899884	2024	11.6	5.00	5.01	0.87	1.00	28.90	20.20	986.00	200.00	652
 95.3900000	2024	12.6	4.99	5.00	0.87	1.00	28.90	20.20	986.00	200.00	652
 95.3900116	2024	13.6	5.01	4.99	0.86	1.00	28.90	20.20	986.00	200.00	652
 95.3900231	2024	14.6	4.98	4.99	0.85	1.00	28.90	20.20	986.00	200.00	652
 95.3900347	2024	15.6	5.00	5.00	0.84	1.00	28.90	20.20	987.00	200.00	652
 95.3900463	2024	16.6	4.99	5.00	0.84	1.00	28.90	20.20	987.00	200.00	652
 95.3900579	2024	17.6	5.00	5.00	0.84	1.00	28.90	20.20	987.00	200.00	652
 95.3900694	2024	18.6	5.00	5.01	0.84	1.00	28.90	20.20	987.00	200.00	652
 95.3900810	2024	19.6	5.00	5.01	0.84	1.00	29.00	20.20	987.00	200.00	652
 95.3900926	2024	20.6	4.99	5.00	0.84	1.00	28.90	20.20	987.00	200.00	652
 95.3901042	2024	21.6	5.01	5.00	0.84	1.00	28.90	20.20	987.00	200.00	652
 95.3901157	2024	22.6	5.02	5.01	0.84	1.00	28.90	20.20	987.00	200.00	652
 95.3901273	2024	23.6	4.99	5.00	0.85	1.00	28.90	20.20	986.00	200.00	652
 95.3901389	2024	24.6	5.00	5.00	0.85	1.00	28.90	20.20	987.00	200.00	652
 95.3901505	2024	25.6	5.01	5.00	0.85	1.00	28.90	20.20	986.00	200.00	652
 95.3901620	2024	26.6	5.00	5.00	0.85	1.00	28.90	20.20	986.00	200.00	652
 95.3901736	2024	27.6	5.00	5.01	0.86	1.00	28.90	20.20	986.00	200.00	652
 95.3901852	2024	28.6	5.01	4.99	0.86	1.00	28.90	20.20	986.00	200.00	652
 95.3901968	2024	29.6	5.01	5.01	0.86	1.00	28.90	20.20	986.00	200.00	652
 95.3902083	2024	30.6	4.99	5.00	0.87	1.00	28.90	20.20	986.00	200.00	652
 95.3902199	2024	31.6	4.99	5.00	0.87	1.00	28.90	20.20	986.00	200.00	652
 95.3902315	2024	32.6	5.01	5.00	0.87	1.00	28.90	20.20	986.00	200.00	652
 95.3902431	2024	33.6	5.01	5.01	0.87	1.00	28.90	20.20	986.00	200.00	652
 95.3902546	2024	34.6	4.99	5.00	0.87	1.00	28.90	20.20	986.00	200.00	652
 95.3902662	2024	35.6	5.01	5.01	0.87	1.00	28.90	20.20	986.00	200.00	652
 95.3902778	2024	36.6	5.01	4.99	0.87	1.00	29.00	20.20	986.00	200.00	652
 95.3902894	2024	37.6	5.01	4.99	0.87	1.00	28.90	20.20	986.00	200.00	652
 95.3903009	2024	38.6	4.99	5.01	0.87	1.00	28.90	20.20	986.00	200.00	652
 95.3903125	2024	39.6	4.99	5.01	0.87	1.00	29.00	20.20	986.00	200.00	652
 95.3903241	2024	40.6	5.00	5.00	0.87	1.00	28.90	20.20	986.00	200.00	652
 95.3903356	2024	41.6	5.00	5.01	0.87	1.00	29.00	20.20	986.00	200.00	652
 95.3903472	2024	42.6	5.02	5.01	0.87	1.00	29.00	20.20	986.00	200.00	652
 95.3903588	2024	43.6	5.02	4.99	0.86	1.00	29.00	20.20	986.00	200.00	652
 95.3903704	2024	44.6	4.99	5.00	0.87	1.00	29.00	20.20	986.00	200.00	652
 95.3903819	2024	45.6	4.99	4.99	0.87	1.00	29.00	20.20	986.00	200.00	652
 95.3903935	2024	46.6	4.99	5.01	0.88	1.00	29.00	20.20	986.00	200.00	652
 95.3904051	2024	47.6	5.00	5.01	0.88	1.00	29.00	20.20	986.00	200.00	652
 95.3904167	2024	48.6	4.99	5.01	0.88	1.00	29.00	20.20	986.00	200.00	652
 95.3904282	2024	49.6	4.99	5.00	0.88	1.00	29.00	20.20	986.00	200.00	652
 95.3904398	2024	50.6	5.00	4.99	0.88	1.00	29.00	20.20	986.00	200.00	652
 95.3904514	2024	51.6	5.00	5.00	0.87	1.00	29.00	20.20	986.00	200.00	652
 95.3904630	2024	52.6	5.01	5.00	0.87	1.00	29.00	20.20	986.00	200.00	652
 95.3904745	2024	53.6	4.99	5.01	0.87	1.00	29.00	20.20	986.00	200.00	652
 95.3904861	2024	54.6	5.00	5.00	0.87	1.00	29.00	20.20	986.00	200.00	652
 95.3904977	2024	55.6	5.00	4.99	0.87	1.00	29.00	20.20	986.00	200.00	652
 95.3905093	2024	56.6	5.00	5.00	0.87	1.00	29.00	20.20	986.00	200.00	652
 95.3905208	2024	57.6	5.01	5.01	0.87	1.00	29.00	20.20	986.00	200.00	652
 95.3905324	2024	58.6	5.01	5.01	0.87	1.00	29.00	20.20	986.00	200.00	652
 95.3905440	2024	59.6	5.00	5.01	0.87	1.00	29.00	20.20	986.00	200.00	652
 95.3905556	2024	60.6	5.00	5.01	0.87	1.00	29.00	20.20	986.00	200.00	652
 95.3905671	2024	61.6	4.99	4.99	0.87	1.00	29.00	20.30	986.00	200.00	652
 95.3905787	2024	62.6	5.01	5.01	0.87	1.00	29.00	20.20	986.00	200.00	652
 95.3905903	2024	63.6	5.00	5.01	0.87	1.00	29.00	20.20	986.00	200.00	652
 95.3906019	2024	64.6	5.00	5.00	0.87	1.00	29.00	20.30	986.00	200.00	652
 95.3906134	2024	65.6	4.99	4.99	0.87	1.00	29.00	20.20	986.00	200.00	652
 95.3906250	2024	66.6	5.01	5.00	0.87	1.00	29.00	20.20	986.00	200.00	652
 95.3906366	2024	67.6	5.00	4.99	0.87	1.00	29.00	20.30	986.00	200.00	652
 95.3906481	2024	68.6	5.02	5.00	0.88	1.00	29.00	20.30	986.00	200.00	652
 95.3906597	2024	69.6	5.00	5.00	0.88	1.00	29.00	20.30	986.00	200.00	652
 95.3906713	2024	70.6	5.01	5.00	0.88	1.00	29.00	20.30	986.00	200.00	652
 95.3906829	2024	71.6	4.99	5.00	0.89	1.00	29.00	20.30	986.00	200.00	652
 95.3906944	2024	72.6	4.98	5.00	0.89	1.00	29.00	20.30	986.00	200.00	652
 95.3907060	2024	73.6	4.99	5.00	0.90	1.00	29.00	20.30	986.00	200.00	652
 95.3907176	2024	74.6	5.00	5.00	0.90	1.00	29.00	20.30	986.00	200.00	652
 95.3907292	2024	75.6	5.00	5.01	0.89	1.00	29.00	20.30	986.00	200.00	652
 95.3907407	2024	76.6	5.03	5.01	0.89	1.00	29.00	20.30	986.00	200.00	652
 95.3907523	2024	77.6	5.04	4.99	0.89	1.00	29.00	20.30	986.00	200.00	652
 95.3907639	2024	78.6	4.98	5.01	0.90	1.00	29.00	20.30	986.00	200.00	652
 95.3907755	2024	79.6	4.99	5.01	0.91	1.00	29.00	20.30	985.00	200.00	652
 95.3907870	2024	80.6	5.01	4.99	0.92	1.00	29.00	20.30	985.00	200.00	652
 95.3907986	2024	81.6	4.99	5.01	0.92	1.00	29.00	20.30	985.00	200.00	652
 95.3908102	2024	82.6	5.02	4.99	0.91	1.00	29.00	20.30	986.00	200.00	652
 95.3908218	2024	83.6	5.03	5.00	0.91	1.00	29.00	20.30	985.00	200.00	652
 95.3908333	2024	84.6	4.98	5.00	0.91	1.00	29.00	20.30	985.00	200.00	652
 95.3908449	2024	85.6	4.99	4.99	0.92	1.00	29.00	20.30	985.00	200.00	652
 95.3908565	2024	86.6	5.00	5.00	0.92	1.00	29.00	20.30	985.00	200.00	652
 95.3908681	2024	87.6	5.00	5.00	0.92	1.00	29.00	20.30	985.00	200.00	652
 95.3908796	2024	88.6	5.00	5.00	0.92	1.00	29.10	20.30	985.00	200.00	652
 95.3908912	2024	89.6	5.00	4.99	0.93	1.00	29.00	20.30	985.00	200.00	652
 95.3909028	2024	90.6	4.98	5.00	0.94	1.00	29.10	20.30	985.00	200.00	652
 95.3909144	2024	91.6	5.01	5.00	0.94	1.00	29.00	20.30	985.00	200.00	652
 95.3909259	2024	92.6	5.01	5.00	0.94	1.00	29.00	20.30	985.00	200.00	652
 95.3909375	2024	93.6	4.99	5.00	0.94	1.00	29.00	20.30	985.00	200.00	652
 95.3909491	2024	94.6	4.99	5.00	0.95	1.00	29.10	20.30	985.00	200.00	652
 95.3909606	2024	95.6	5.00	4.99	0.95	1.00	29.10	20.30	985.00	200.00	652
 95.3909722	2024	96.6	5.00	5.00	0.96	1.00	29.10	20.30	985.00	200.00	652
 95.3909838	2024	97.6	4.99	5.00	0.97	1.00	29.10	20.30	985.00	200.00	652
 95.3909954	2024	98.6	5.00	5.00	0.98	1.00	29.10	20.30	984.00	200.00	652
 95.3910069	2024	99.6	5.01	5.00	0.98	1.00	29.10	20.30	984.00	200.00	652
 95.3910185	2024	100.6	4.99	5.01	0.99	1.00	29.10	20.30	984.00	200.00	652
 95.3910301	2024	101.6	4.99	5.00	0.99	1.00	29.10	20.30	984.00	200.00	652
 95.3910417	2024	102.6	4.99	4.99	1.00	1.00	29.10	20.30	984.00	200.00	652
 95.3910532	2024	103.6	5.01	4.99	1.00	1.00	29.10	20.30	984.00	200.00	652
 95.3910648	2024	104.6	4.99	5.00	0.99	1.00	29.10	20.30	984.00	200.00	652
 95.3910764	2024	105.6	4.99	5.00	0.99	1.00	29.10	20.30	984.00	200.00	652
 95.3910880	2024	106.6	4.99	4.99	0.99	1.00	29.10	20.30	984.00	200.00	652
 95.3910995	2024	107.6	5.00	4.99	0.99	1.00	29.10	20.30	984.00	200.00	652
 95.3911111	2024	108.6	5.01	5.00	0.99	1.00	29.10	20.30	984.00	200.00	652
 95.3911227	2024	109.6	4.99	5.00	0.99	1.00	29.10	20.30	984.00	200.00	652
 95.3911343	2024	110.6	5.00	5.00	0.99	1.00	29.20	20.30	984.00	200.00	652
 95.3911458	2024	111.6	4.99	5.00	0.99	1.00	29.10	20.30	984.00	200.00	652
 95.3911574	2024	112.7	5.00	5.00	0.98	1.00	29.10	20.30	984.00	200.00	652
 95.3911690	2024	113.7	5.00	5.00	0.97	1.00	29.20	20.30	984.00	200.00	652
 95.3911806	2024	114.7	5.00	5.00	0.96	1.00	29.10	20.30	985.00	200.00	652
 95.3911921	2024	115.7	5.00	4.99	0.96	1.00	29.20	20.30	985.00	200.00	652
 95.3912037	2024	116.7	5.01	5.01	0.96	1.00	29.20	20.30	985.00	200.00	652
 95.3912153	2024	117.7	4.99	4.99	0.95	1.00	29.20	20.30	985.00	200.00	652
 95.3912269	2024	118.7	4.99	4.99	0.95	1.00	29.20	20.30	985.00	200.00	652
 95.3912384	2024	119.7	4.98	5.00	0.94	1.00	29.20	20.30	985.00	200.00	652
 95.3912500	2024	120.7	4.99	4.99	0.95	1.00	29.20	20.30	985.00	200.00	652
 95.3912616	2024	121.7	4.97	4.99	0.95	1.00	29.20	20.30	985.00	200.00	652
 95.3912731	2024	122.7	4.99	4.99	0.94	1.00	29.10	20.30	985.00	200.00	652
 95.3912847	2024	123.7	5.01	5.00	0.94	1.00	29.10	20.30	985.00	200.00	652
 95.3912963	2024	124.7	5.01	5.01	0.94	1.00	29.20	20.30	985.00	200.00	652
 95.3913079	2024	125.7	5.01	5.01	0.94	1.00	29.20	20.30	985.00	200.00	652
 95.3913194	2024	126.7	4.99	5.00	0.94	1.00	29.20	20.30	985.00	200.00	652
 95.3913310	2024	127.7	4.99	5.01	0.94	1.00	29.20	20.30	985.00	200.00	652
 95.3913426	2024	128.7	4.99	4.99	0.95	1.00	29.10	20.30	985.00	200.00	652
 95.3913542	2024	129.7	5.01	5.00	0.95	1.00	29.10	20.40	985.00	200.00	652
 95.3913657	2024	130.7	5.01	5.02	0.95	1.00	29.20	20.30	985.00	200.00	652
 95.3913773	2024	131.7	5.00	5.01	0.95	1.00	29.10	20.30	985.00	200.00	652
 95.3913889	2024	132.7	5.02	5.00	0.95	1.00	29.10	20.30	985.00	200.00	652
 95.3914005	2024	133.7	5.02	5.01	0.95	1.00	29.20	20.30	985.00	200.00	652
 95.3914120	2024	134.7	4.99	5.00	0.96	1.00	29.20	20.30	985.00	200.00	652
 95.3914236	2024	135.7	4.98	5.01	0.97	1.00	29.20	20.30	985.00	200.00	652
 95.3914352	2024	136.7	5.00	4.99	0.97	1.00	29.10	20.40	985.00	200.00	652
 95.3914468	2024	137.7	5.02	5.00	0.98	1.00	29.20	20.40	984.00	200.00	652
 95.3914583	2024	138.7	4.99	5.00	0.98	1.00	29.10	20.30	984.00	200.00	652
 95.3914699	2024	139.7	4.97	5.01	0.98	1.00	29.20	20.30	984.00	200.00	652
 95.3914815	2024	140.7	4.98	4.99	0.98	1.00	29.10	20.30	984.00	200.00	652
 95.3914931	2024	141.7	5.00	4.99	0.97	1.00	29.10	20.40	985.00	200.00	652
 95.3915046	2024	142.7	4.98	4.99	0.96	1.00	29.20	20.40	985.00	200.00	652
 95.3915162	2024	143.7	5.01	5.00	0.96	1.00	29.20	20.40	985.00	200.00	652
 95.3915278	2024	144.7	5.00	5.00	0.95	1.00	29.20	20.40	985.00	200.00	652
 95.3915394	2024	145.7	5.01	5.01	0.96	1.00	29.20	20.40	985.00	200.00	652
 95.3915509	2024	146.7	5.00	5.00	0.95	1.00	29.20	20.40	985.00	200.00	652
 95.3915625	2024	147.7	4.99	5.00	0.95	1.00	29.20	20.40	985.00	200.00	652
 95.3915741	2024	148.7	4.99	4.99	0.94	1.00	29.20	20.40	985.00	200.00	652
 95.3915856	2024	149.7	5.01	5.00	0.95	1.00	29.20	20.40	985.00	200.00	652
 95.3915972	2024	150.7	5.00	5.00	0.95	1.00	29.20	20.40	985.00	200.00	652
 95.3916088	2024	151.7	5.00	5.00	0.95	1.00	29.20	20.40	985.00	200.00	652
 95.3916204	2024	152.7	5.01	5.00	0.95	1.00	29.20	20.40	985.00	200.00	652
 95.3916319	2024	153.7	5.01	5.01	0.95	1.00	29.20	20.40	985.00	200.00	652
 95.3916435	2024	154.7	5.01	5.00	0.95	1.00	29.20	20.40	985.00	200.00	652
 95.3916551	2024	155.7	5.03	4.99	0.95	1.00	29.20	20.40	985.00	200.00	652
 95.3916667	2024	156.7	4.99	5.00	0.95	1.00	29.20	20.40	985.00	200.00	652
 95.3916782	2024	157.7	4.97	5.00	0.96	1.00	29.20	20.40	985.00	200.00	652
 95.3916898	2024	158.7	5.01	5.00	0.96	1.00	29.20	20.40	985.00	200.00	652
 95.3917014	2024	159.7	4.99	5.01	0.96	1.00	29.20	20.40	985.00	200.00	652
 95.3917130	2024	160.7	5.01	5.01	0.96	1.00	29.20	20.40	985.00	200.00	652
 95.3917245	2024	161.7	5.00	5.01	0.97	1.00	29.20	20.40	985.00	200.00	652
 95.3917361	2024	162.7	5.00	5.00	0.97	1.00	29.20	20.40	985.00	200.00	652
 95.3917477	2024	163.7	5.01	5.00	0.96	1.00	29.20	20.40	985.00	200.00	652
 95.3917593	2024	164.7	5.02	5.01	0.97	1.00	29.20	20.40	985.00	200.00	652
 95.3917708	2024	165.7	4.97	5.01	0.97	1.00	29.20	20.40	985.00	200.00	652
 95.3917824	2024	166.7	5.01	4.99	0.96	1.00	29.20	20.40	985.00	200.00	652
 95.3917940	2024	167.7	5.01	4.99	0.96	1.00	29.20	20.40	985.00	200.00	652
 95.3918056	2024	168.7	5.02	4.98	0.96	1.00	29.20	20.40	985.00	200.00	652
 95.3918171	2024	169.7	5.01	4.99	0.96	1.00	29.20	20.40	985.00	200.00	652
 95.3918287	2024	170.7	4.98	5.00	0.97	1.00	29.20	20.40	985.00	200.00	652
 95.3918403	2024	171.7	5.00	5.00	0.97	1.00	29.20	20.40	985.00	200.00	652
 95.3918519	2024	172.7	4.99	5.00	0.97	1.00	29.20	20.40	985.00	200.00	652
 95.3918634	2024	173.7	5.01	5.00	0.97	1.00	29.20	20.40	985.00	200.00	652
 95.3918750	2024	174.7	4.98	5.00	0.98	1.00	29.20	20.40	985.00	200.00	652
 95.3918866	2024	175.7	5.00	5.00	0.98	1.00	29.20	20.40	984.00	200.00	652
 95.3918981	2024	176.7	4.99	5.00	0.99	1.00	29.20	20.40	984.00	200.00	652
 95.3919097	2024	177.7	5.00	5.00	0.98	1.00	29.20	20.40	984.00	200.00	652
 95.3919213	2024	178.7	5.01	5.00	0.98	1.00	29.20	20.40	984.00	200.00	652
 95.3919329	2024	179.7	5.01	5.00	0.97	1.00	29.20	20.40	985.00	200.00	652
 95.3919444	2024	180.7	5.02	4.99	0.97	1.00	29.20	20.40	985.00	200.00	652
 95.3919560	2024	181.7	4.97	5.00	0.97	1.00	29.20	20.40	985.00	200.00	652
 95.3919676	2024	182.7	5.00	4.99	0.97	1.00	29.20	20.40	985.00	200.00	652
 95.3919792	2024	183.7	4.98	4.98	0.98	1.00	29.20	20.40	985.00	200.00	652
 95.3919907	2024	184.7	4.99	5.01	0.98	1.00	29.20	20.40	985.00	200.00	652
 95.3920023	2024	185.7	4.99	5.00	0.98	1.00	29.20	20.40	985.00	200.00	652
 95.3920139	2024	186.7	5.01	5.00	0.97	1.00	29.30	20.40	985.00	200.00	652
 95.3920255	2024	187.7	5.00	4.99	0.96	1.00	29.20	20.40	985.00	200.00	652
 95.3920370	2024	188.7	5.00	5.00	0.96	1.00	29.20	20.40	985.00	200.00	652
 95.3920486	2024	189.7	5.00	5.00	0.96	1.00	29.30	20.40	985.00	200.00	652
 95.3920602	2024	190.7	5.01	5.00	0.95	1.00	29.20	20.40	985.00	200.00	652
 95.3920718	2024	191.7	4.99	5.00	0.95	1.00	29.20	20.40	985.00	200.00	652
 95.3920833	2024	192.7	5.00	4.99	0.95	1.00	29.30	20.40	985.00	200.00	652
 95.3920949	2024	193.7	5.00	5.00	0.95	1.00	29.30	20.40	985.00	200.00	652
 95.3921065	2024	194.7	4.99	5.00	0.96	1.00	29.20	20.40	985.00	200.00	652
 95.3921181	2024	195.7	4.98	4.99	0.96	1.00	29.30	20.40	985.00	200.00	652
 95.3921296	2024	196.7	5.01	5.00	0.96	1.00	29.30	20.40	985.00	200.00	652
 95.3921412	2024	197.7	5.00	5.00	0.96	1.00	29.20	20.40	985.00	200.00	652
 95.3921528	2024	198.7	5.00	5.01	0.96	1.00	29.20	20.40	985.00	200.00	652
 95.3921644	2024	199.7	5.01	5.01	0.96	1.00	29.20	20.40	985.00	200.00	652
 95.3921759	2024	200.7	5.03	5.01	0.95	1.00	29.20	20.40	985.00	200.00	652
 95.3921875	2024	201.7	4.98	5.01	0.96	1.00	29.20	20.40	985.00	200.00	652
 95.3921991	2024	202.7	4.98	5.01	0.96	1.00	29.30	20.40	985.00	200.00	652
 95.3922106	2024	203.7	5.00	5.00	0.95	1.00	29.30	20.40	985.00	200.00	652
 95.3922222	2024	204.7	5.03	4.99	0.95	1.00	29.20	20.40	985.00	200.00	652
 95.3922338	2024	205.7	5.02	5.00	0.95	1.00	29.30	20.40	985.00	200.00	652
 95.3922454	2024	206.7	4.98	5.00	0.96	1.00	29.30	20.40	985.00	200.00	652
 95.3922569	2024	207.7	4.98	5.00	0.97	1.00	29.20	20.40	985.00	200.00	652
 95.3922685	2024	208.7	5.01	5.00	0.97	1.00	29.20	20.40	985.00	200.00	652
 95.3922801	2024	209.7	5.00	5.00	0.97	1.00	29.30	20.40	985.00	200.00	652
 95.3922917	2024	210.7	5.01	5.01	0.96	1.00	29.30	20.40	985.00	200.00	652
 95.3923032	2024	211.7	5.02	5.01	0.96	1.00	29.30	20.40	985.00	200.00	652
 95.3923148	2024	212.7	5.02	5.00	0.97	1.00	29.30	20.40	985.00	200.00	652
 95.3923264	2024	213.7	4.97	5.01	0.98	1.00	29.20	20.40	984.00	200.00	652
 95.3923380	2024	214.7	4.98	5.00	0.98	1.00	29.30	20.40	985.00	200.00	652
 95.3923495	2024	215.7	5.01	5.00	0.98	1.00	29.30	20.40	984.00	200.00	652
 95.3923611	2024	216.7	5.01	4.99	0.98	1.00	29.30	20.40	985.00	200.00	652
 95.3923727	2024	217.7	5.01	5.00	0.98	1.00	29.30	20.50	985.00	200.00	652
 95.3923843	2024	218.7	5.00	5.00	0.98	1.00	29.30	20.50	985.00	200.00	652
 95.3923958	2024	219.7	5.02	5.00	0.97	1.00	29.30	20.40	985.00	200.00	652
 95.3924074	2024	220.7	4.99	5.00	0.98	1.00	29.30	20.50	984.00	200.00	652
 95.3924190	2024	221.7	4.98	5.01	0.99	1.00	29.30	20.50	984.00	200.00	652
 95.3924306	2024	222.7	5.01	5.00	0.99	1.00	29.30	20.40	985.00	200.00	652
 95.3924421	2024	223.7	5.01	4.99	0.98	1.00	29.30	20.50	984.00	200.00	652
 95.3924537	2024	224.7	5.00	4.99	0.98	1.00	29.30	20.50	985.00	200.00	652
 95.3924653	2024	225.7	5.01	5.00	0.97	1.00	29.30	20.50	985.00	200.00	652
 95.3924769	2024	226.7	5.00	4.99	0.97	1.00	29.30	20.50	985.00	200.00	652
 95.3924884	2024	227.7	5.01	5.01	0.97	1.00	29.30	20.50	985.00	200.00	652
 95.3925000	2024	228.7	5.00	5.00	0.96	1.00	29.30	20.50	985.00	200.00	652
 95.3925116	2024	229.7	5.01	4.99	0.95	1.00	29.30	20.50	985.00	200.00	652
 95.3925231	2024	230.7	5.01	5.00	0.95	1.00	29.30	20.50	985.00	200.00	652
 95.3925347	2024	231.7	4.96	5.01	0.95	1.00	29.30	20.50	985.00	200.00	652
 95.3925463	2024	232.7	4.98	5.00	0.96	1.00	29.30	20.50	985.00	200.00	652
 95.3925579	2024	233.7	4.97	5.01	0.96	1.00	29.30	20.50	985.00	200.00	652
 95.3925694	2024	234.7	4.98	5.01	0.96	1.00	29.30	20.50	985.00	200.00	652
 95.3925810	2024	235.7	5.01	5.00	0.96	1.00	29.30	20.50	985.00	200.00	652
 95.3925926	2024	236.7	5.00	5.00	0.96	1.00	29.30	20.50	985.00	200.00	652
 95.3926042	2024	237.7	5.01	4.99	0.96	1.00	29.30	20.50	985.00	200.00	652
 95.3926157	2024	238.7	5.00	5.01	0.96	1.00	29.30	20.50	985.00	200.00	652
 95.3926273	2024	239.7	5.00	5.00	0.96	1.00	29.30	20.50	985.00	200.00	652
 95.3926389	2024	240.7	5.01	5.00	0.96	1.00	29.30	20.50	985.00	200.00	652
 95.3926505	2024	241.7	5.01	5.00	0.96	1.00	29.30	20.50	985.00	200.00	652
 95.3926620	2024	242.7	5.01	5.00	0.95	1.00	29.20	20.50	985.00	200.00	652
 95.3926748	2024	243.7	5.00	5.02	0.95	1.00	29.30	20.50	985.00	200.00	652
 95.3926863	2024	244.7	5.00	5.00	0.95	1.00	29.30	20.50	985.00	200.00	652
 95.3926979	2024	245.7	5.01	5.00	0.96	1.00	29.30	20.50	985.00	200.00	652
 95.3927095	2024	246.7	5.03	4.99	0.96	1.00	29.30	20.50	985.00	200.00	652
 95.3927211	2024	247.7	5.00	5.00	0.96	1.00	29.30	20.50	985.00	200.00	652
 95.3927326	2024	248.7	4.99	5.01	0.96	1.00	29.30	20.50	985.00	200.00	652
 95.3927442	2024	249.7	5.00	5.01	0.96	1.00	29.30	20.50	985.00	200.00	652
 95.3927558	2024	250.7	4.99	5.01	0.96	1.00	29.30	20.50	985.00	200.00	652
 95.3927674	2024	251.7	5.01	5.01	0.96	1.00	29.30	20.50	985.00	200.00	652
 95.3927789	2024	252.7	5.01	4.99	0.96	1.00	29.30	20.50	985.00	200.00	652
 95.3927905	2024	253.7	4.99	5.00	0.96	1.00	29.30	20.50	985.00	200.00	652
 95.3928021	2024	254.7	5.01	4.99	0.97	1.00	29.30	20.50	985.00	200.00	652
 95.3928137	2024	255.7	5.01	4.99	0.97	1.00	29.30	20.50	985.00	200.00	652
 95.3928252	2024	256.7	4.97	5.00	0.98	1.00	29.30	20.50	985.00	200.00	652
 95.3928368	2024	257.7	5.00	4.99	0.98	1.00	29.30	20.50	985.00	200.00	652
 95.3928484	2024	258.7	4.99	5.00	0.98	1.00	29.30	20.50	985.00	200.00	652
 95.3928600	2024	259.7	4.99	4.98	0.97	1.00	29.30	20.50	985.00	200.00	652
 95.3928715	2024	260.7	5.00	4.99	0.97	1.00	29.30	20.50	985.00	200.00	652
 95.3928831	2024	261.7	5.00	5.01	0.96	1.00	29.30	20.50	985.00	200.00	652
 95.3928947	2024	262.7	5.01	5.00	0.96	1.00	29.30	20.50	985.00	200.00	652
 95.3929062	2024	263.7	5.00	5.00	0.96	1.00	29.30	20.50	985.00	200.00	652
 95.3929178	2024	264.7	5.02	5.00	0.96	1.00	29.30	20.50	985.00	200.00	652
 95.3929294	2024	265.7	4.97	4.99	0.97	1.00	29.30	20.50	985.00	200.00	652
 95.3929410	2024	266.7	5.00	5.00	0.97	1.00	29.30	20.50	985.00	200.00	652
 95.3929525	2024	267.7	4.99	5.00	0.97	1.00	29.30	20.50	985.00	200.00	652
 95.3929641	2024	268.7	5.01	4.99	0.97	1.00	29.30	20.50	985.00	200.00	652
 95.3929757	2024	269.7	4.99	4.99	0.96	1.00	29.30	20.50	985.00	200.00	652
 95.3929873	2024	270.7	4.99	4.99	0.96	1.00	29.30	20.50	985.00	200.00	652
 95.3929988	2024	271.7	5.01	5.01	0.96	1.00	29.30	20.50	985.00	200.00	652
 95.3930104	2024	272.7	4.99	4.99	0.96	1.00	29.30	20.50	985.00	200.00	652
 95.3930220	2024	273.7	4.99	5.00	0.95	1.00	29.30	20.50	985.00	200.00	652
 95.3930336	2024	274.7	5.01	5.00	0.95	1.00	29.30	20.50	985.00	200.00	652
 95.3930451	2024	275.7	5.01	5.01	0.95	1.00	29.30	20.50	985.00	200.00	652
 95.3930567	2024	276.7	5.01	5.00	0.96	1.00	29.30	20.50	985.00	200.00	652
 95.3930683	2024	277.7	5.01	4.99	0.96	1.00	29.30	20.50	985.00	200.00	652
 95.3930799	2024	278.7	5.02	5.00	0.96	1.00	29.30	20.50	985.00	200.00	652
 95.3930914	2024	279.7	4.97	5.00	0.96	1.00	29.30	20.50	985.00	200.00	652
 95.3931030	2024	280.7	4.98	5.00	0.96	1.00	29.30	20.50	985.00	200.00	652
 95.3931146	2024	281.7	5.02	4.99	0.95	1.00	29.30	20.50	985.00	200.00	652
 95.3931262	2024	282.7	5.00	4.99	0.95	1.00	29.30	20.50	985.00	200.00	652
 95.3931377	2024	283.7	5.02	4.98	0.94	1.00	29.30	20.50	985.00	200.00	652
 95.3931493	2024	284.7	4.98	5.00	0.94	1.00	29.30	20.50	985.00	200.00	652
 95.3931609	2024	285.7	4.98	5.00	0.95	1.00	29.30	20.50	985.00	200.00	652
 95.3931725	2024	286.7	5.00	5.01	0.94	1.00	29.30	20.50	985.00	200.00	652
 95.3931840	2024	287.7	5.00	5.01	0.95	1.00	29.30	20.50	985.00	200.00	652
 95.3931956	2024	288.7	5.00	5.02	0.95	1.00	29.30	20.50	985.00	200.00	652
 95.3932072	2024	289.7	5.01	5.02	0.95	1.00	29.30	20.50	985.00	200.00	652
 95.3932188	2024	290.7	5.01	4.99	0.95	1.00	29.30	20.60	985.00	200.00	652
 95.3932303	2024	291.7	4.99	5.02	0.96	1.00	29.30	20.50	985.00	200.00	652
 95.3932419	2024	292.7	4.99	4.99	0.96	1.00	29.30	20.60	985.00	200.00	652
 95.3932535	2024	293.7	5.03	5.01	0.96	1.00	29.30	20.50	985.00	200.00	652
 95.3932650	2024	294.7	4.95	5.01	0.96	1.00	29.30	20.60	985.00	200.00	652
 95.3932766	2024	295.7	4.95	4.98	0.97	1.00	29.30	20.50	985.00	200.00	652
 95.3932882	2024	296.7	4.96	5.00	0.98	1.00	29.30	20.60	984.00	200.00	652
 95.3932998	2024	297.7	4.96	5.00	0.98	1.00	29.30	20.50	984.00	200.00	652
 95.3933113	2024	298.7	4.98	5.00	0.98	1.00	29.30	20.60	984.00	200.00	652
 95.3933229	2024	299.7	5.01	5.00	0.98	1.00	29.30	20.60	985.00	200.00	652
 95.3933345	2024	300.7	4.99	4.99	0.97	1.00	29.30	20.50	985.00	200.00	652
 95.3933461	2024	301.7	4.99	5.01	0.97	1.00	29.30	20.50	985.00	200.00	652
 95.3933576	2024	302.7	5.00	4.99	0.98	1.00	29.30	20.60	985.00	200.00	652
 95.3933692	2024	303.7	5.01	5.00	0.97	1.00	29.30	20.50	985.00	200.00	652
 95.3933808	2024	304.7	5.00	4.99	0.97	1.00	29.30	20.60	985.00	200.00	652
 95.3933924	2024	305.7	4.99	5.01	0.96	1.00	29.30	20.60	985.00	200.00	652
 95.3934039	2024	306.7	5.00	5.00	0.96	1.00	29.30	20.60	985.00	200.00	652
 95.3934155	2024	307.7	4.99	5.01	0.96	1.00	29.30	20.60	985.00	200.00	652
 95.3934271	2024	308.7	5.00	4.99	0.96	1.00	29.30	20.60	985.00	200.00	652
 95.3934387	2024	309.7	4.99	4.99	0.97	1.00	29.30	20.60	985.00	200.00	652
 95.3934502	2024	310.7	5.02	5.01	0.96	1.00	29.30	20.60	985.00	200.00	652
 95.3934618	2024	311.7	5.00	4.99	0.96	1.00	29.30	20.60	985.00	200.00	652
 95.3934734	2024	312.7	4.99	4.99	0.96	1.00	29.40	20.60	985.00	200.00	652
 95.3934850	2024	313.7	5.01	5.00	0.95	1.00	29.30	20.60	985.00	200.00	652
 95.3934965	2024	314.7	4.99	5.01	0.95	1.00	29.30	20.60	985.00	200.00	652
 95.3935081	2024	315.7	5.00	5.00	0.95	1.00	29.30	20.60	985.00	200.00	652
 95.3935197	2024	316.7	5.01	5.00	0.95	1.00	29.40	20.60	985.00	200.00	652
 95.3935312	2024	317.7	4.99	5.00	0.96	1.00	29.30	20.60	985.00	200.00	652
 95.3935428	2024	318.7	4.99	5.00	0.96	1.00	29.30	20.60	985.00	200.00	652
 95.3935544	2024	319.7	5.00	5.00	0.97	1.00	29.40	20.60	985.00	200.00	652
 95.3935660	2024	320.7	5.02	5.00	0.97	1.00	29.40	20.60	985.00	200.00	652
 95.3935775	2024	321.7	5.01	5.00	0.97	1.00	29.40	20.60	985.00	200.00	652
 95.3935891	2024	322.7	5.02	5.00	0.97	1.00	29.30	20.60	985.00	200.00	652
 95.3936007	2024	323.7	5.00	5.00	0.97	1.00	29.30	20.60	985.00	200.00	652
 95.3936123	2024	324.7	4.98	5.01	0.97	1.00	29.40	20.60	985.00	200.00	652
 95.3936238	2024	325.7	5.00	5.00	0.97	1.00	29.30	20.60	985.00	200.00	652
 95.3936354	2024	326.7	4.99	5.00	0.97	1.00	29.30	20.60	985.00	200.00	652
 95.3936470	2024	327.7	4.99	5.01	0.96	1.00	29.30	20.60	985.00	200.00	652
 95.3936586	2024	328.7	5.00	5.00	0.96	1.00	29.40	20.60	985.00	200.00	652
 95.3936701	2024	329.7	5.00	5.01	0.95	1.00	29.40	20.60	985.00	200.00	652
 95.3936817	2024	330.7	5.00	5.01	0.96	1.00	29.40	20.60	985.00	200.00	652
 95.3936933	2024	331.7	5.00	5.02	0.97	1.00	29.40	20.60	985.00	200.00	652
 95.3937049	2024	332.7	5.00	5.01	0.97	1.00	29.40	20.60	985.00	200.00	652
 95.3937164	2024	333.7	4.99	5.00	0.97	1.00	29.40	20.60	985.00	200.00	652
 95.3937280	2024	334.7	5.03	5.01	0.97	1.00	29.40	20.60	985.00	200.00	652
 95.3937396	2024	335.7	4.98	5.01	0.96	1.00	29.40	20.60	985.00	200.00	652
 95.3937512	2024	336.7	5.00	5.01	0.96	1.00	29.40	20.60	985.00	200.00	652
 95.3937627	2024	337.7	5.01	5.01	0.96	1.00	29.40	20.60	985.00	200.00	652
 95.3937743	2024	338.7	5.01	5.01	0.96	1.00	29.40	20.60	985.00	200.00	652
 95.3937859	2024	339.7	4.99	5.01	0.96	1.00	29.40	20.60	985.00	200.00	652
 95.3937975	2024	340.7	4.99	5.00	0.96	1.00	29.40	20.60	985.00	200.00	652
 95.3938090	2024	341.7	5.00	5.01	0.96	1.00	29.40	20.60	985.00	200.00	652
 95.3938206	2024	342.7	5.00	5.00	0.96	1.00	29.40	20.60	985.00	200.00	652
 95.3938322	2024	343.7	5.00	4.99	0.95	1.00	29.40	20.60	985.00	200.00	652
 95.3938437	2024	344.7	5.00	4.99	0.95	1.00	29.40	20.60	985.00	200.00	652
 95.3938553	2024	345.7	5.00	4.99	0.95	1.00	29.40	20.60	985.00	200.00	652
 95.3938669	2024	346.7	5.00	5.00	0.94	1.00	29.40	20.60	985.00	200.00	652
 95.3938785	2024	347.7	5.01	5.00	0.95	1.00	29.40	20.60	985.00	200.00	652
 95.3938900	2024	348.7	5.01	5.00	0.95	1.00	29.40	20.60	985.00	200.00	652
 95.3939016	2024	349.7	5.01	5.01	0.95	1.00	29.40	20.60	985.00	200.00	652
 95.3939132	2024	350.7	5.00	5.00	0.95	1.00	29.40	20.60	985.00	200.00	652
 95.3939248	2024	351.7	4.99	4.99	0.95	1.00	29.40	20.60	985.00	200.00	652
 95.3939363	2024	352.7	5.01	5.00	0.95	1.00	29.30	20.60	985.00	200.00	652
 95.3939479	2024	353.7	5.02	5.00	0.94	1.00	29.30	20.60	985.00	200.00	652
 95.3939595	2024	354.7	5.01	4.99	0.94	1.00	29.40	20.60	985.00	200.00	652
 95.3939711	2024	355.7	4.95	5.00	0.94	1.00	29.30	20.60	985.00	200.00	652
 95.3939826	2024	356.7	4.99	5.00	0.94	1.00	29.40	20.60	985.00	200.00	652
 95.3939942	2024	357.7	4.99	5.00	0.95	1.00	29.40	20.60	985.00	200.00	652
 95.3940058	2024	358.7	5.00	5.00	0.95	1.00	29.40	20.60	985.00	200.00	652
 95.3940174	2024	359.7	5.00	5.00	0.95	1.00	29.40	20.60	985.00	200.00	652
 95.3940289	2024	360.7	4.99	5.00	0.95	1.00	29.40	20.60	985.00	200.00	652
 95.3940405	2024	361.7	5.01	5.00	0.95	1.00	29.40	20.60	985.00	200.00	652
 95.3940521	2024	362.7	4.99	4.98	0.94	1.00	29.40	20.60	985.00	200.00	652
 95.3940637	2024	363.7	5.00	4.99	0.94	1.00	29.40	20.60	985.00	200.00	652
 95.3940752	2024	364.7	5.00	5.00	0.93	1.00	29.40	20.60	985.00	200.00	652
 95.3940868	2024	365.7	4.99	4.99	0.93	1.00	29.40	20.60	985.00	200.00	652
 95.3940984	2024	366.7	5.01	4.99	0.94	1.00	29.30	20.60	985.00	200.00	652
 95.3941100	2024	367.7	4.99	5.00	0.95	1.00	29.40	20.60	985.00	200.00	652
 95.3941215	2024	368.7	5.01	5.00	0.95	1.00	29.40	20.60	985.00	200.00	652
 95.3941331	2024	369.7	5.01	4.99	0.95	1.00	29.40	20.60	985.00	200.00	652
 95.3941447	2024	370.7	5.00	4.99	0.96	1.00	29.40	20.60	985.00	200.00	652
 95.3941562	2024	371.7	5.02	5.00	0.96	1.00	29.40	20.60	985.00	200.00	652
 95.3941678	2024	372.7	4.99	5.00	0.95	1.00	29.40	20.60	985.00	200.00	652
 95.3941794	2024	373.7	5.01	4.99	0.95	1.00	29.40	20.60	985.00	200.00	652
 95.3941910	2024	374.7	4.98	5.00	0.95	1.00	29.40	20.60	985.00	200.00	652
 95.3942025	2024	375.7	4.99	5.00	0.96	1.00	29.40	20.60	985.00	200.00	652
 95.3942141	2024	376.7	4.99	5.00	0.96	1.00	29.40	20.60	985.00	200.00	652
 95.3942257	2024	377.7	5.00	5.00	0.97	1.00	29.40	20.70	985.00	200.00	652
 95.3942373	2024	378.7	5.00	5.00	0.96	1.00	29.40	20.70	985.00	200.00	652
 95.3942488	2024	379.7	5.02	5.00	0.95	1.00	29.40	20.60	985.00	200.00	652
 95.3942604	2024	380.7	5.01	4.99	0.95	1.00	29.40	20.70	985.00	200.00	652
 95.3942720	2024	381.7	5.00	5.01	0.94	1.00	29.40	20.70	985.00	200.00	652
 95.3942836	2024	382.7	5.02	5.01	0.94	1.00	29.40	20.70	985.00	200.00	652
 95.3942951	2024	383.7	5.01	5.00	0.94	1.00	29.40	20.70	985.00	200.00	652
 95.3943067	2024	384.7	4.99	4.99	0.93	1.00	29.40	20.70	985.00	200.00	652
 95.3943183	2024	385.7	4.99	5.00	0.94	1.00	29.40	20.70	985.00	200.00	652
 95.3943299	2024	386.7	4.99	5.00	0.95	1.00	29.40	20.70	985.00	200.00	652
 95.3943414	2024	387.7	5.00	5.01	0.95	1.00	29.40	20.70	985.00	200.00	652
 95.3943530	2024	388.7	5.01	5.00	0.94	1.00	29.40	20.70	985.00	200.00	652
 95.3943646	2024	389.7	4.99	5.01	0.93	1.00	29.40	20.70	985.00	200.00	652
 95.3943762	2024	390.7	5.00	5.00	0.93	1.00	29.40	20.70	985.00	200.00	652
 95.3943877	2024	391.7	5.01	5.01	0.93	1.00	29.40	20.70	985.00	200.00	652
 95.3943993	2024	392.7	5.01	5.02	0.93	1.00	29.40	20.70	985.00	200.00	652
 95.3944109	2024	393.7	4.98	5.01	0.93	1.00	29.40	20.70	986.00	200.00	652
 95.3944225	2024	394.7	5.00	5.01	0.93	1.00	29.40	20.70	985.00	200.00	652
 95.3944340	2024	395.7	5.00	5.00	0.93	1.00	29.40	20.70	985.00	200.00	652
 95.3944456	2024	396.7	4.98	5.01	0.93	1.00	29.40	20.70	985.00	200.00	652
 95.3944572	2024	397.7	5.02	5.01	0.93	1.00	29.40	20.70	986.00	200.00	652
 95.3944687	2024	398.7	5.00	5.01	0.93	1.00	29.40	20.70	986.00	200.00	652
 95.3944803	2024	399.7	5.03	5.00	0.94	1.00	29.40	20.70	985.00	200.00	652
 95.3944919	2024	400.7	5.02	5.01	0.94	1.00	29.40	20.70	985.00	200.00	652
 95.3945035	2024	401.7	5.02	5.02	0.94	1.00	29.40	20.70	985.00	200.00	652
 95.3945150	2024	402.7	5.00	5.01	0.95	1.00	29.40	20.70	985.00	200.00	652
 95.3945266	2024	403.7	5.00	5.00	0.95	1.00	29.40	20.70	985.00	200.00	652
 95.3945382	2024	404.7	4.99	4.99	0.95	1.00	29.40	20.70	985.00	200.00	652
 95.3945498	2024	405.7	5.01	5.01	0.95	1.00	29.40	20.70	985.00	200.00	652
 95.3945613	2024	406.7	5.00	4.99	0.95	1.00	29.40	20.70	985.00	200.00	652
 95.3945729	2024	407.7	4.99	5.00	0.95	1.00	29.40	20.70	985.00	200.00	652
 95.3945845	2024	408.7	4.99	5.00	0.96	1.00	29.40	20.70	985.00	200.00	652
 95.3945961	2024	409.7	4.99	5.00	0.96	1.00	29.40	20.70	985.00	200.00	652
 95.3946076	2024	410.7	5.00	4.99	0.95	1.00	29.40	20.70	985.00	200.00	652
 95.3946192	2024	411.7	5.01	5.01	0.95	1.00	29.40	20.70	985.00	200.00	652
 95.3946308	2024	412.7	4.99	4.99	0.95	1.00	29.40	20.70	985.00	200.00	652
 95.3946424	2024	413.7	5.00	4.99	0.94	1.00	29.40	20.70	985.00	200.00	652
 95.3946539	2024	414.7	5.01	5.00	0.94	1.00	29.40	20.70	985.00	200.00	652
 95.3946655	2024	415.7	5.01	5.00	0.94	1.00	29.40	20.70	985.00	200.00	652
 95.3946771	2024	416.7	5.02	4.99	0.94	1.00	29.40	20.70	985.00	200.00	652
 95.3946887	2024	417.7	5.00	4.99	0.95	1.00	29.40	20.70	985.00	200.00	652
 95.3947002	2024	418.7	5.01	5.00	0.96	1.00	29.40	20.70	985.00	200.00	652
 95.3947118	2024	419.7	4.96	5.00	0.97	1.00	29.40	20.70	985.00	200.00	652
 95.3947234	2024	420.7	4.97	4.99	0.97	1.00	29.40	20.70	985.00	200.00	652
 95.3947350	2024	421.7	5.00	5.00	0.97	1.00	29.40	20.70	985.00	200.00	652
 95.3947465	2024	422.7	5.00	4.99	0.96	1.00	29.40	20.70	985.00	200.00	652
 95.3947581	2024	423.7	5.00	4.99	0.96	1.00	29.40	20.70	985.00	200.00	652
 95.3947697	2024	424.7	5.00	5.00	0.96	1.00	29.40	20.70	985.00	200.00	652
 95.3947812	2024	425.7	5.00	5.00	0.95	1.00	29.40	20.70	985.00	200.00	652
 95.3947928	2024	426.7	5.01	5.01	0.95	1.00	29.40	20.70	985.00	200.00	652
 95.3948044	2024	427.7	5.01	4.99	0.95	1.00	29.40	20.70	985.00	200.00	652
 95.3948160	2024	428.7	5.01	5.00	0.94	1.00	29.40	20.70	985.00	200.00	652
 95.3948275	2024	429.7	5.00	5.01	0.94	1.00	29.40	20.70	985.00	200.00	652
 95.3948391	2024	430.7	5.00	4.99	0.95	1.00	29.40	20.70	985.00	200.00	652
 95.3948507	2024	431.7	5.01	5.00	0.95	1.00	29.40	20.70	985.00	200.00	652
 95.3948623	2024	432.7	5.01	5.01	0.95	1.00	29.40	20.70	985.00	200.00	652
 95.3948738	2024	433.7	4.98	5.00	0.95	1.00	29.40	20.70	985.00	200.00	652
 95.3948854	2024	434.7	4.98	5.00	0.95	1.00	29.40	20.70	985.00	200.00	652
 95.3948970	2024	435.7	5.01	5.00	0.94	1.00	29.40	20.70	985.00	200.00	652
 95.3949086	2024	436.7	5.01	5.01	0.93	1.00	29.40	20.70	985.00	200.00	652
 95.3949201	2024	437.7	5.02	4.99	0.92	1.00	29.40	20.70	986.00	200.00	652
 95.3949317	2024	438.7	4.99	4.99	0.92	1.00	29.40	20.70	986.00	200.00	652
 95.3949433	2024	439.7	4.99	4.99	0.92	1.00	29.40	20.70	986.00	200.00	652
 95.3949549	2024	440.7	5.02	5.00	0.91	1.00	29.40	20.70	986.00	200.00	652
 95.3949664	2024	441.7	5.01	5.01	0.91	1.00	29.40	20.70	986.00	200.00	652
 95.3949780	2024	442.7	5.01	5.00	0.92	1.00	29.40	20.70	986.00	200.00	652
 95.3949896	2024	443.7	4.97	4.99	0.92	1.00	29.40	20.70	986.00	200.00	652
 95.3950012	2024	444.7	4.98	5.00	0.93	1.00	29.40	20.70	986.00	200.00	652
 95.3950127	2024	445.7	4.99	5.00	0.94	1.00	29.40	20.70	985.00	200.00	652
 95.3950243	2024	446.7	5.01	5.01	0.93	1.00	29.40	20.70	986.00	200.00	652
 95.3950359	2024	447.7	5.01	5.01	0.93	1.00	29.40	20.70	986.00	200.00	652
 95.3950475	2024	448.7	5.01	5.01	0.93	1.00	29.40	20.70	985.00	200.00	652
 95.3950590	2024	449.7	5.00	4.99	0.94	1.00	29.40	20.70	986.00	200.00	652
 95.3950706	2024	450.7	5.01	5.00	0.94	1.00	29.40	20.70	985.00	200.00	652
 95.3950822	2024	451.7	4.99	5.01	0.95	1.00	29.40	20.70	985.00	200.00	652
 95.3950937	2024	452.7	5.01	5.00	0.94	1.00	29.40	20.70	985.00	200.00	652
 95.3951053	2024	453.7	5.00	5.00	0.94	1.00	29.40	20.70	985.00	200.00	652
 95.3951169	2024	454.7	5.00	5.00	0.94	1.00	29.40	20.70	985.00	200.00	652
 95.3951285	2024	455.7	4.98	5.00	0.94	1.00	29.40	20.70	985.00	200.00	652
 95.3951400	2024	456.7	4.96	5.00	0.94	1.00	29.40	20.70	985.00	200.00	652
 95.3951516	2024	457.7	4.96	5.00	0.94	1.00	29.40	20.70	985.00	200.00	652
 95.3951632	2024	458.7	5.01	5.00	0.94	1.00	29.40	20.70	985.00	200.00	652
 95.3951748	2024	459.7	5.00	4.99	0.94	1.00	29.40	20.70	985.00	200.00	652
 95.3951863	2024	460.7	4.99	5.01	0.94	1.00	29.40	20.70	985.00	200.00	652
 95.3951979	2024	461.7	4.99	4.99	0.93	1.00	29.40	20.80	986.00	200.00	652
 95.3952095	2024	462.7	4.98	4.99	0.92	1.00	29.40	20.70	986.00	200.00	652
 95.3952211	2024	463.7	5.00	4.98	0.91	1.00	29.40	20.80	986.00	200.00	652
 95.3952326	2024	464.7	5.00	5.00	0.91	1.00	29.40	20.80	986.00	200.00	652
 95.3952442	2024	465.7	5.03	5.00	0.90	1.00	29.40	20.80	986.00	200.00	652
 95.3952558	2024	466.7	4.99	5.00	0.90	1.00	29.40	20.80	986.00	200.00	653
 95.3952674	2024	467.7	5.01	4.99	0.90	1.00	29.40	20.80	986.00	200.00	653
 95.3952789	2024	468.7	5.01	5.01	0.90	1.00	29.40	20.80	986.00	200.00	653
 95.3952905	2024	469.7	5.01	5.01	0.90	1.00	29.40	20.80	986.00	200.00	653
 95.3953021	2024	470.7	5.01	5.01	0.90	1.00	29.40	20.80	986.00	200.00	653
 95.3953137	2024	471.7	5.00	5.00	0.90	1.00	29.40	20.80	986.00	200.00	653
 95.3953252	2024	472.7	5.02	4.99	0.90	1.00	29.40	20.80	986.00	200.00	653
 95.3953368	2024	473.7	5.01	5.00	0.90	1.00	29.40	20.80	986.00	200.00	653
 95.3953484	2024	474.7	4.99	5.00	0.90	1.00	29.40	20.80	986.00	200.00	653
 95.3953600	2024	475.7	5.00	5.00	0.91	1.00	29.40	20.80	986.00	200.00	653
 95.3953715	2024	476.7	4.99	5.00	0.91	1.00	29.40	20.80	986.00	200.00	653
 95.3953831	2024	477.7	4.99	5.01	0.92	1.00	29.40	20.80	986.00	200.00	653
 95.3953947	2024	478.7	5.00	5.00	0.92	1.00	29.40	20.80	986.00	200.00	653
 95.3954062	2024	479.7	4.99	5.03	0.92	1.00	29.40	20.80	986.00	200.00	653
 95.3954178	2024	480.7	4.99	5.00	0.92	1.00	29.40	20.80	986.00	200.00	653
 95.3954294	2024	481.7	4.99	5.01	0.92	1.00	29.40	20.80	986.00	200.00	652
 95.3954410	2024	482.7	4.99	5.00	0.92	1.00	29.40	20.80	986.00	200.00	652
 95.3954525	2024	483.7	5.00	5.01	0.91	1.00	29.40	20.80	986.00	200.00	652
 95.3954641	2024	484.7	5.01	5.00	0.91	1.00	29.40	20.80	986.00	200.00	652
 95.3954757	2024	485.7	5.00	5.00	0.91	1.00	29.40	20.80	986.00	200.00	652
 95.3954873	2024	486.7	5.01	4.99	0.91	1.00	29.40	20.80	986.00	200.00	653
 95.3954988	2024	487.7	4.99	4.99	0.90	1.00	29.40	20.80	986.00	200.00	653
 95.3955104	2024	488.7	5.02	5.00	0.90	1.00	29.40	20.80	986.00	200.00	653
 95.3955220	2024	489.7	5.00	5.01	0.90	1.00	29.40	20.80	986.00	200.00	653
 95.3955336	2024	490.7	5.00	4.99	0.89	1.00	29.40	20.80	986.00	200.00	653
 95.3955451	2024	491.7	4.99	4.99	0.89	1.00	29.40	20.80	986.00	200.00	653
 95.3955567	2024	492.7	5.00	4.99	0.89	1.00	29.40	20.80	986.00	200.00	653
 95.3955683	2024	493.7	4.99	5.00	0.89	1.00	29.40	20.80	986.00	200.00	653
 95.3955799	2024	494.7	5.00	5.01	0.89	1.00	29.40	20.80	986.00	200.00	653
 95.3955914	2024	495.7	5.00	5.01	0.88	1.00	29.40	20.80	987.00	200.00	653
 95.3956030	2024	496.7	5.00	5.00	0.88	1.00	29.40	20.80	987.00	200.00	653
 95.3956146	2024	497.7	5.01	4.99	0.88	1.00	29.40	20.80	986.00	200.00	653
 95.3956262	2024	498.7	5.01	5.01	0.88	1.00	29.40	20.80	986.00	200.00	653
 95.3956377	2024	499.7	5.01	5.00	0.88	1.00	29.40	20.80	986.00	200.00	653
 95.3956493	2024	500.7	4.99	5.00	0.88	1.00	29.40	20.80	986.00	200.00	653
 95.3956609	2024	501.7	5.01	5.00	0.89	1.00	29.40	20.80	986.00	200.00	653
 95.3956725	2024	502.7	5.02	5.00	0.89	1.00	29.40	20.80	986.00	200.00	653
 95.3956840	2024	503.7	4.98	5.00	0.90	1.00	29.40	20.80	986.00	200.00	653
 95.3956956	2024	504.7	4.98	5.00	0.90	1.00	29.40	20.80	986.00	200.00	653
 95.3957072	2024	505.7	5.00	5.01	0.91	1.00	29.40	20.80	986.00	200.00	653
 95.3957188	2024	506.7	5.00	5.00	0.90	1.00	29.40	20.80	986.00	200.00	653
 95.3957303	2024	507.7	5.01	5.00	0.90	1.00	29.40	20.80	986.00	200.00	653
 95.3957419	2024	508.7	5.00	5.00	0.90	1.00	29.40	20.80	986.00	200.00	653
 95.3957535	2024	509.7	5.00	5.01	0.90	1.00	29.40	20.80	986.00	200.00	653
 95.3957650	2024	510.7	4.99	5.00	0.90	1.00	29.40	20.80	986.00	200.00	653
 95.3957766	2024	511.7	4.99	5.01	0.90	1.00	29.40	20.80	986.00	200.00	653
 95.3957882	2024	512.7	5.00	4.99	0.90	1.00	29.40	20.80	986.00	200.00	653
 95.3957998	2024	513.7	4.99	4.99	0.90	1.00	29.40	20.80	986.00	200.00	653
 95.3958113	2024	514.7	5.00	4.99	0.89	1.00	29.40	20.80	986.00	200.00	653
 95.3958229	2024	515.7	5.00	4.99	0.89	1.00	29.40	20.80	986.00	200.00	653
 95.3958345	2024	516.7	5.00	4.98	0.89	1.00	29.40	20.80	986.00	200.00	653
 95.3958461	2024	517.7	5.02	5.01	0.89	1.00	29.40	20.80	986.00	200.00	653
 95.3958576	2024	518.7	5.02	4.99	0.88	1.00	29.40	20.80	986.00	200.00	653
 95.3958692	2024	519.7	5.02	4.99	0.88	1.00	29.40	20.80	987.00	200.00	653
 95.3958808	2024	520.7	5.01	4.98	0.88	1.00	29.40	20.80	987.00	200.00	653
 95.3958924	2024	521.7	5.03	5.01	0.88	1.00	29.40	20.80	987.00	200.00	653
 95.3959039	2024	522.7	5.00	5.00	0.87	1.00	29.40	20.80	987.00	200.00	653
 95.3959155	2024	523.7	5.01	4.99	0.87	1.00	29.40	20.80	987.00	200.00	653
 95.3959271	2024	524.7	5.01	4.99	0.86	1.00	29.40	20.80	987.00	200.00	653
 95.3959387	2024	525.7	5.01	5.00	0.86	1.00	29.40	20.80	987.00	200.00	653
 95.3959502	2024	526.7	5.00	4.98	0.86	1.00	29.40	20.80	987.00	200.00	653
 95.3959618	2024	527.7	5.01	5.00	0.86	1.00	29.40	20.80	987.00	200.00	653
 95.3959734	2024	528.7	4.97	5.00	0.87	1.00	29.40	20.80	987.00	200.00	653
 95.3959850	2024	529.7	4.98	4.99	0.87	1.00	29.40	20.80	987.00	200.00	653
 95.3959965	2024	530.7	5.00	4.99	0.87	1.00	29.40	20.80	987.00	200.00	653
 95.3960081	2024	531.7	4.99	5.00	0.87	1.00	29.40	20.80	987.00	200.00	653
 95.3960197	2024	532.7	5.00	4.99	0.87	1.00	29.40	20.80	987.00	200.00	653
 95.3960313	2024	533.7	4.98	4.99	0.87	1.00	29.40	20.80	987.00	200.00	653
 95.3960428	2024	534.7	4.99	4.99	0.86	1.00	29.40	20.80	987.00	200.00	653
 95.3960544	2024	535.7	5.00	5.00	0.85	1.00	29.40	20.80	987.00	200.00	653
 95.3960660	2024	536.7	5.00	5.02	0.84	1.00	29.40	20.80	987.00	200.00	653
 95.3960775	2024	537.7	4.98	5.00	0.84	1.00	29.40	20.80	987.00	200.00	653
 95.3960891	2024	538.7	5.01	5.01	0.84	1.00	29.40	20.80	987.00	200.00	653
 95.3961007	2024	539.7	5.00	5.01	0.84	1.00	29.40	20.80	987.00	200.00	653
 95.3961123	2024	540.7	5.03	5.00	0.84	1.00	29.40	20.80	987.00	200.00	653
 95.3961238	2024	541.7	5.00	5.00	0.83	1.00	29.40	20.80	987.00	200.00	653
 95.3961354	2024	542.7	5.01	5.00	0.82	1.00	29.40	20.90	987.00	200.00	653
 95.3961470	2024	543.7	5.03	5.01	0.82	1.00	29.40	20.80	987.00	200.00	653
 95.3961586	2024	544.7	4.99	5.00	0.82	1.00	29.40	20.80	987.00	200.00	653
 95.3961701	2024	545.7	5.00	4.99	0.82	1.00	29.40	20.90	987.00	200.00	653
 95.3961817	2024	546.7	4.98	5.00	0.82	1.00	29.40	20.80	987.00	200.00	653
 95.3961933	2024	547.7	5.00	5.00	0.82	1.00	29.40	20.90	987.00	200.00	653
 95.3962049	2024	548.7	4.99	4.99	0.83	1.00	29.40	20.90	987.00	200.00	653
 95.3962164	2024	549.7	4.98	5.00	0.83	1.00	29.40	20.90	987.00	200.00	653
 95.3962280	2024	550.7	4.99	5.00	0.83	1.00	29.30	20.90	987.00	200.00	653
 95.3962396	2024	551.7	5.01	5.00	0.83	1.00	29.40	20.90	987.00	200.00	653
 95.3962512	2024	552.7	5.00	4.99	0.83	1.00	29.40	20.90	987.00	200.00	653
 95.3962627	2024	553.7	5.01	4.99	0.83	1.00	29.40	20.90	987.00	200.00	653
 95.3962743	2024	554.7	4.98	5.01	0.84	1.00	29.30	20.90	987.00	200.00	653
 95.3962859	2024	555.7	4.99	5.00	0.85	1.00	29.40	20.90	987.00	200.00	653
 95.3962975	2024	556.7	4.98	4.99	0.85	1.00	29.30	20.90	987.00	200.00	653
 95.3963090	2024	557.7	4.99	5.00	0.85	1.00	29.40	20.90	987.00	200.00	653
 95.3963206	2024	558.7	5.00	5.00	0.85	1.00	29.40	20.90	987.00	200.00	653
 95.3963322	2024	559.7	5.00	5.00	0.85	1.00	29.40	20.90	987.00	200.00	653
 95.3963437	2024	560.7	5.00	5.00	0.85	1.00	29.40	20.90	987.00	200.00	653
 95.3963553	2024	561.7	5.02	5.00	0.86	1.00	29.40	20.90	987.00	200.00	653
 95.3963669	2024	562.7	5.00	4.99	0.86	1.00	29.40	20.90	987.00	200.00	653
 95.3963785	2024	563.7	4.99	5.00	0.87	1.00	29.30	20.90	987.00	200.00	653
 95.3963900	2024	564.7	5.01	4.99	0.87	1.00	29.40	20.90	987.00	200.00	653
 95.3964016	2024	565.7	5.01	4.99	0.87	1.00	29.40	20.90	987.00	200.00	653
 95.3964132	2024	566.7	5.00	5.00	0.87	1.00	29.40	20.90	987.00	200.00	653
 95.3964248	2024	567.7	5.01	4.99	0.86	1.00	29.40	20.90	987.00	200.00	653
 95.3964363	2024	568.7	5.02	4.99	0.86	1.00	29.40	20.90	987.00	200.00	653
 95.3964479	2024	569.7	5.00	4.98	0.85	1.00	29.40	20.90	987.00	200.00	653
 95.3964595	2024	570.7	4.97	4.99	0.86	1.00	29.40	20.90	987.00	200.00	653
 95.3964711	2024	571.7	4.99	5.00	0.86	1.00	29.40	20.90	987.00	200.00	653
 95.3964826	2024	572.7	4.97	5.00	0.86	1.00	29.40	20.90	987.00	200.00	653
 95.3964942	2024	573.7	5.01	5.00	0.86	1.00	29.40	20.90	987.00	200.00	653
 95.3965058	2024	574.7	5.02	5.01	0.85	1.00	29.40	20.90	987.00	200.00	653
 95.3965174	2024	575.7	4.99	4.99	0.85	1.00	29.40	20.90	987.00	200.00	653
 95.3965289	2024	576.7	5.00	4.99	0.85	1.00	29.40	20.90	987.00	200.00	653
 95.3965405	2024	577.7	5.00	5.00	0.85	1.00	29.40	20.90	987.00	200.00	653
 95.3965521	2024	578.7	4.98	5.00	0.85	1.00	29.40	20.90	987.00	200.00	653
 95.3965637	2024	579.7	4.98	5.00	0.84	1.00	29.40	20.90	987.00	200.00	653
 95.3965752	2024	580.7	4.99	5.00	0.83	1.00	29.40	20.90	987.00	200.00	653
 95.3965868	2024	581.7	5.00	5.00	0.84	1.00	29.40	20.90	987.00	200.00	653
 95.3965984	2024	582.7	5.00	4.99	0.84	1.00	29.40	20.90	987.00	200.00	653
 95.3966100	2024	583.7	5.00	5.00	0.84	1.00	29.40	20.90	987.00	200.00	653
 95.3966215	2024	584.7	5.02	5.00	0.84	1.00	29.40	20.90	987.00	200.00	653
 95.3966331	2024	585.7	5.01	5.01	0.84	1.00	29.40	20.90	987.00	200.00	653
 95.3966447	2024	586.7	5.01	5.00	0.85	1.00	29.40	20.90	987.00	200.00	653
 95.3966562	2024	587.7	5.01	5.02	0.85	1.00	29.40	20.90	987.00	200.00	653
 95.3966678	2024	588.7	5.03	5.01	0.85	1.00	29.40	20.90	987.00	200.00	653
 95.3966794	2024	589.7	5.02	5.01	0.85	1.00	29.30	20.90	987.00	200.00	653
 95.3966910	2024	590.7	5.01	5.00	0.85	1.00	29.40	20.90	987.00	200.00	653
 95.3967025	2024	591.7	5.01	5.00	0.85	1.00	29.40	20.90	987.00	200.00	653
 95.3967141	2024	592.7	5.00	4.99	0.84	1.00	29.40	20.90	987.00	200.00	653
 95.3967257	2024	593.7	5.02	4.99	0.84	1.00	29.40	20.90	987.00	200.00	653
 95.3967373	2024	594.7	5.02	5.02	0.85	1.00	29.40	20.90	987.00	200.00	653
 95.3967488	2024	595.7	4.98	4.99	0.85	1.00	29.40	20.90	987.00	200.00	653
 95.3967604	2024	596.7	5.00	5.00	0.86	1.00	29.40	20.90	987.00	200.00	653
 95.3967720	2024	597.7	5.01	5.00	0.87	1.00	29.40	20.90	987.00	200.00	653
 95.3967836	2024	598.7	4.99	4.99	0.87	1.00	29.40	20.90	987.00	200.00	653
 95.3967951	2024	599.7	5.00	5.00	0.87	1.00	29.40	20.90	987.00	200.00	653
 95.3968067	2024	600.7	4.97	4.99	0.87	1.00	29.40	20.90	987.00	200.00	653
 95.3968183	2024	601.7	4.99	5.00	0.88	1.00	29.40	20.90	987.00	200.00	653
 95.3968299	2024	602.7	4.99	5.00	0.87	1.00	29.40	20.90	987.00	200.00	653
 95.3968414	2024	603.7	4.99	4.99	0.87	1.00	29.40	20.90	987.00	200.00	653
 95.3968530	2024	604.7	4.99	5.00	0.86	1.00	29.40	20.90	987.00	200.00	653
 95.3968646	2024	605.7	4.98	5.00	0.84	1.00	29.40	20.90	987.00	200.00	653
 95.3968762	2024	606.7	5.00	5.00	0.83	1.00	29.40	20.90	987.00	200.00	653
 95.3968877	2024	607.8	5.01	4.99	0.83	1.00	29.40	20.90	987.00	200.00	653
 95.3968993	2024	608.8	5.00	5.00	0.83	1.00	29.40	20.90	987.00	200.00	653
 95.3969109	2024	609.8	4.99	5.00	0.83	1.00	29.40	20.90	987.00	200.00	653
 95.3969225	2024	610.8	5.01	5.00	0.83	1.00	29.40	20.90	987.00	200.00	653
 95.3969340	2024	611.8	5.01	5.00	0.83	1.00	29.40	20.90	987.00	200.00	653
 95.3969456	2024	612.8	5.01	5.00	0.83	1.00	29.40	20.90	987.00	200.00	653
 95.3969572	2024	613.8	5.02	5.01	0.83	1.00	29.40	20.90	987.00	200.00	653
 95.3969687	2024	614.8	5.01	5.00	0.83	1.00	29.40	20.90	987.00	200.00	653
 95.3969803	2024	615.8	5.01	5.00	0.83	1.00	29.40	20.90	987.00	200.00	653
 95.3969919	2024	616.8	5.03	4.99	0.82	1.00	29.40	20.90	987.00	200.00	653
 95.3970035	2024	617.8	5.00	5.00	0.83	1.00	29.40	20.90	987.00	200.00	653
 95.3970150	2024	618.8	4.98	5.01	0.84	1.00	29.40	20.90	987.00	200.00	653
 95.3970266	2024	619.8	5.01	5.00	0.84	1.00	29.40	20.90	987.00	200.00	653
 95.3970382	2024	620.8	4.99	4.98	0.85	1.00	29.40	20.90	987.00	200.00	653
 95.3970498	2024	621.8	5.01	5.00	0.85	1.00	29.40	20.90	987.00	200.00	653
 95.3970613	2024	622.8	4.98	4.99	0.85	1.00	29.40	20.90	987.00	200.00	653
 95.3970729	2024	623.8	5.00	4.99	0.86	1.00	29.40	21.00	987.00	200.00	653
 95.3970845	2024	624.8	4.99	4.99	0.86	1.00	29.40	20.90	987.00	200.00	653
 95.3970961	2024	625.8	5.01	4.99	0.87	1.00	29.40	21.00	987.00	200.00	653
 95.3971076	2024	626.8	4.99	4.99	0.87	1.00	29.40	21.00	987.00	200.00	653
 95.3971192	2024	627.8	4.99	4.99	0.86	1.00	29.40	21.00	987.00	200.00	653
 95.3971308	2024	628.8	5.00	4.98	0.86	1.00	29.40	21.00	987.00	200.00	653
 95.3971424	2024	629.8	5.00	4.99	0.86	1.00	29.40	21.00	987.00	200.00	653
 95.3971539	2024	630.8	5.00	4.99	0.86	1.00	29.40	21.00	987.00	200.00	653
 95.3971655	2024	631.8	4.99	4.98	0.86	1.00	29.40	21.00	987.00	200.00	653
 95.3971771	2024	632.8	5.00	5.00	0.85	1.00	29.40	21.00	987.00	200.00	653
 95.3971887	2024	633.8	4.99	5.00	0.85	1.00	29.40	21.00	987.00	200.00	653
 95.3972002	2024	634.8	4.99	4.99	0.85	1.00	29.40	20.90	987.00	200.00	653
 95.3972118	2024	635.8	5.00	5.01	0.84	1.00	29.40	21.00	987.00	200.00	653
 95.3972234	2024	636.8	5.00	4.99	0.84	1.00	29.40	21.00	987.00	200.00	653
 95.3972350	2024	637.8	5.01	5.01	0.84	1.00	29.40	21.00	987.00	200.00	653
 95.3972465	2024	638.8	5.00	5.00	0.84	1.00	29.40	21.00	987.00	200.00	653
 95.3972581	2024	639.8	5.00	4.99	0.84	1.00	29.40	21.00	987.00	200.00	653
 95.3972697	2024	640.8	4.99	4.99	0.84	1.00	29.40	21.00	987.00	200.00	653
 95.3972812	2024	641.8	5.02	5.01	0.83	1.00	29.40	21.00	987.00	200.00	653
 95.3972928	2024	642.8	5.00	5.00	0.82	1.00	29.40	21.00	987.00	200.00	653
 95.3973044	2024	643.8	4.99	5.01	0.82	1.00	29.40	21.00	987.00	200.00	653
 95.3973160	2024	644.8	4.99	5.00	0.82	1.00	29.40	21.00	987.00	200.00	653
 95.3973275	2024	645.8	5.01	5.00	0.83	1.00	29.40	21.00	987.00	200.00	653
 95.3973391	2024	646.8	5.00	4.99	0.83	1.00	29.40	21.00	987.00	200.00	653
 95.3973507	2024	647.8	5.00	4.98	0.83	1.00	29.40	21.00	987.00	200.00	653
 95.3973623	2024	648.8	5.00	5.00	0.84	1.00	29.40	21.00	987.00	200.00	653
 95.3973738	2024	649.8	5.01	5.00	0.84	1.00	29.40	21.00	987.00	200.00	653
 95.3973854	2024	650.8	5.02	5.01	0.84	1.00	29.40	21.00	987.00	200.00	653
 95.3973970	2024	651.8	5.01	5.01	0.84	1.00	29.40	21.00	987.00	200.00	653
 95.3974086	2024	652.8	5.02	5.01	0.84	1.00	29.30	21.00	987.00	200.00	653
 95.3974201	2024	653.8	4.99	5.00	0.84	1.00	29.40	21.00	987.00	200.00	653
 95.3974317	2024	654.8	5.01	5.01	0.84	1.00	29.40	21.00	987.00	200.00	653
 95.3974433	2024	655.8	5.00	5.00	0.83	1.00	29.40	21.00	987.00	200.00	653
 95.3974549	2024	656.8	5.01	4.99	0.83	1.00	29.40	21.00	987.00	200.00	653
 95.3974664	2024	657.8	4.99	4.98	0.83	1.00	29.40	21.00	987.00	200.00	653
 95.3974780	2024	658.8	5.01	5.00	0.84	1.00	29.40	21.00	987.00	200.00	653
 95.3974896	2024	659.8	5.01	4.99	0.85	1.00	29.40	21.00	987.00	200.00	653
 95.3975012	2024	660.8	5.01	5.00	0.85	1.00	29.40	21.00	987.00	200.00	653
 95.3975127	2024	661.8	4.96	5.00	0.86	1.00	29.40	21.00	987.00	200.00	653
 95.3975243	2024	662.8	4.96	4.99	0.87	1.00	29.40	21.00	987.00	200.00	653
 95.3975359	2024	663.8	4.99	4.99	0.85	1.00	29.40	21.00	987.00	200.00	653
 95.3975475	2024	664.8	4.97	5.00	0.84	1.00	29.40	21.00	987.00	200.00	653
 95.3975590	2024	665.8	4.99	5.00	0.84	1.00	29.40	21.00	987.00	200.00	653
 95.3975706	2024	666.8	4.98	4.99	0.84	1.00	29.40	21.00	987.00	200.00	653
 95.3975822	2024	667.8	5.00	4.99	0.83	1.00	29.40	21.00	987.00	200.00	653
 95.3975937	2024	668.8	5.01	5.00	0.82	1.00	29.40	21.00	987.00	200.00	653
 95.3976053	2024	669.8	4.99	5.01	0.82	1.00	29.40	21.00	987.00	200.00	653
 95.3976169	2024	670.8	5.02	5.00	0.82	1.00	29.40	21.00	987.00	200.00	653
 95.3976285	2024	671.8	5.00	4.99	0.82	1.00	29.40	21.00	987.00	200.00	653
 95.3976400	2024	672.8	5.00	5.00	0.82	1.00	29.40	21.00	987.00	200.00	653
 95.3976516	2024	673.8	5.01	5.00	0.83	1.00	29.40	21.00	987.00	200.00	653
 95.3976632	2024	674.8	5.02	5.00	0.82	1.00	29.40	21.00	987.00	200.00	653
 95.3976748	2024	675.8	5.00	4.99	0.83	1.00	29.40	21.00	987.00	200.00	653
 95.3976863	2024	676.8	5.00	4.99	0.83	1.00	29.40	21.00	987.00	200.00	653
 95.3976979	2024	677.8	5.00	5.00	0.83	1.00	29.40	21.00	987.00	200.00	653
 95.3977095	2024	678.8	5.00	4.99	0.84	1.00	29.40	21.00	987.00	200.00	653
 95.3977211	2024	679.8	5.00	4.99	0.83	1.00	29.40	21.00	987.00	200.00	653
 95.3977326	2024	680.8	5.01	5.00	0.84	1.00	29.40	21.00	987.00	200.00	653
 95.3977442	2024	681.8	4.99	5.00	0.84	1.00	29.40	21.00	987.00	200.00	653
 95.3977558	2024	682.8	4.98	5.01	0.84	1.00	29.40	21.00	987.00	200.00	653
 95.3977674	2024	683.8	5.00	5.00	0.85	1.00	29.40	21.00	987.00	200.00	653
 95.3977789	2024	684.8	5.00	5.00	0.85	1.00	29.40	21.00	987.00	200.00	653
 95.3977905	2024	685.8	5.00	5.00	0.85	1.00	29.40	21.00	987.00	200.00	653
 95.3978021	2024	686.8	5.00	5.01	0.84	1.00	29.40	21.00	987.00	200.00	653
 95.3978137	2024	687.8	5.00	5.00	0.84	1.00	29.40	21.00	987.00	200.00	653
 95.3978252	2024	688.8	5.02	5.00	0.84	1.00	29.40	21.00	987.00	200.00	653
 95.3978368	2024	689.8	5.02	5.00	0.83	1.00	29.40	21.00	987.00	200.00	653
 95.3978484	2024	690.8	5.01	5.00	0.84	1.00	29.40	21.00	987.00	200.00	653
 95.3978600	2024	691.8	5.01	5.00	0.84	1.00	29.40	21.00	987.00	200.00	653
 95.3978715	2024	692.8	5.00	5.01	0.83	1.00	29.40	21.00	987.00	200.00	653
 95.3978831	2024	693.8	5.00	4.99	0.83	1.00	29.40	21.00	987.00	200.00	653
 95.3978947	2024	694.8	5.01	5.00	0.83	1.00	29.40	21.00	987.00	200.00	653
 95.3979062	2024	695.8	4.99	5.01	0.83	1.00	29.40	21.00	987.00	200.00	653
 95.3979178	2024	696.8	5.00	5.02	0.83	1.00	29.40	21.00	987.00	200.00	653
 95.3979294	2024	697.8	4.98	5.00	0.83	1.00	29.40	21.00	987.00	200.00	653
 95.3979410	2024	698.8	5.00	5.00	0.83	1.00	29.40	21.00	987.00	200.00	653
 95.3979525	2024	699.8	5.01	5.00	0.84	1.00	29.40	21.00	987.00	200.00	653
 95.3979641	2024	700.8	5.00	4.99	0.83	1.00	29.40	21.00	987.00	200.00	653
 95.3979757	2024	701.8	4.98	5.00	0.83	1.00	29.40	21.00	987.00	200.00	653
 95.3979873	2024	702.8	4.99	5.00	0.83	1.00	29.40	21.00	987.00	200.00	653
 95.3979988	2024	703.8	4.99	5.00	0.83	1.00	29.40	21.00	987.00	200.00	653
 95.3980104	2024	704.8	4.99	5.00	0.84	1.00	29.40	21.00	987.00	200.00	653
 95.3980220	2024	705.8	5.00	5.01	0.84	1.00	29.40	21.00	987.00	200.00	653
 95.3980336	2024	706.8	5.01	4.99	0.85	1.00	29.40	21.00	987.00	200.00	653
 95.3980451	2024	707.8	5.02	5.00	0.86	1.00	29.40	21.00	987.00	200.00	653
 95.3980567	2024	708.8	4.99	5.00	0.86	1.00	29.40	21.10	987.00	200.00	653
 95.3980683	2024	709.8	4.99	5.01	0.86	1.00	29.40	21.00	986.00	200.00	653
 95.3980799	2024	710.8	4.99	5.00	0.86	1.00	29.40	21.00	987.00	200.00	653
 95.3980914	2024	711.8	5.01	4.99	0.86	1.00	29.40	21.10	987.00	200.00	653
 95.3981030	2024	712.8	5.01	5.00	0.86	1.00	29.40	21.00	987.00	200.00	653
 95.3981146	2024	713.8	5.00	5.01	0.86	1.00	29.40	21.10	987.00	200.00	653
 95.3981262	2024	714.8	4.99	5.01	0.85	1.00	29.40	21.00	987.00	200.00	653
 95.3981377	2024	715.8	5.01	4.99	0.85	1.00	29.40	21.10	987.00	200.00	653
 95.3981493	2024	716.8	5.01	4.99	0.85	1.00	29.40	21.10	987.00	200.00	653
 95.3981609	2024	717.8	5.02	4.99	0.85	1.00	29.40	21.10	987.00	200.00	653
 95.3981725	2024	718.8	4.99	5.01	0.85	1.00	29.40	21.10	987.00	200.00	653
 95.3981840	2024	719.8	5.00	5.00	0.85	1.00	29.40	21.10	987.00	200.00	653
 95.3981956	2024	720.8	5.00	5.00	0.84	1.00	29.40	21.10	987.00	200.00	653
 95.3982072	2024	721.8	4.99	5.00	0.84	1.00	29.40	21.10	987.00	200.00	653
 95.3982188	2024	722.8	5.01	5.01	0.84	1.00	29.40	21.10	987.00	200.00	653
 95.3982303	2024	723.8	5.01	5.00	0.85	1.00	29.40	21.10	987.00	200.00	653
 95.3982431	2024	724.8	4.97	5.00	0.86	1.00	29.40	21.10	987.00	200.00	653
 95.3982546	2024	725.8	4.95	5.00	0.86	1.00	29.40	21.10	987.00	200.00	653
 95.3982662	2024	726.8	5.00	5.00	0.85	1.00	29.40	21.10	987.00	200.00	653
 95.3982778	2024	727.8	4.99	4.99	0.85	1.00	29.40	21.10	987.00	200.00	653
 95.3982894	2024	728.8	5.01	4.99	0.85	1.00	29.40	21.10	987.00	200.00	653
 95.3983009	2024	729.8	4.98	5.00	0.86	1.00	29.40	21.10	987.00	200.00	653
 95.3983125	2024	730.8	4.99	5.00	0.85	1.00	29.40	21.10	987.00	200.00	653
 95.3983241	2024	731.8	4.98	5.00	0.84	1.00	29.40	21.10	987.00	200.00	653
 95.3983356	2024	732.8	5.01	4.99	0.83	1.00	29.40	21.10	987.00	200.00	653
 95.3983472	2024	733.8	5.00	5.01	0.83	1.00	29.40	21.10	987.00	200.00	653
 95.3983588	2024	734.8	5.00	5.00	0.83	1.00	29.40	21.10	987.00	200.00	653
 95.3983704	2024	735.8	4.99	5.01	0.83	1.00	29.40	21.10	987.00	200.00	653
 95.3983819	2024	736.8	5.03	5.00	0.82	1.00	29.40	21.10	987.00	200.00	653
 95.3983935	2024	737.8	5.02	5.01	0.82	1.00	29.40	21.10	987.00	200.00	653
 95.3984051	2024	738.8	5.02	5.00	0.83	1.00	29.40	21.10	987.00	200.00	653
 95.3984167	2024	739.8	5.01	5.00	0.83	1.00	29.40	21.10	987.00	200.00	653
 95.3984282	2024	740.8	4.99	5.00	0.83	1.00	29.40	21.10	987.00	200.00	653
 95.3984398	2024	741.8	4.99	4.99	0.82	1.00	29.40	21.10	987.00	200.00	653
 95.3984514	2024	742.8	4.97	5.00	0.83	1.00	29.40	21.10	987.00	200.00	653
 95.3984630	2024	743.8	5.00	5.00	0.83	1.00	29.40	21.10	987.00	200.00	653
 95.3984745	2024	744.8	4.99	5.00	0.83	1.00	29.40	21.10	987.00	200.00	653
 95.3984861	2024	745.8	5.00	4.99	0.83	1.00	29.40	21.10	987.00	200.00	653
 95.3984977	2024	746.8	5.00	5.00	0.83	1.00	29.40	21.10	987.00	200.00	653
 95.3985093	2024	747.8	5.00	5.02	0.83	1.00	29.40	21.10	987.00	200.00	653
 95.3985208	2024	748.8	5.02	5.01	0.84	1.00	29.40	21.10	987.00	200.00	653
 95.3985324	2024	749.8	5.01	5.00	0.84	1.00	29.40	21.10	987.00	200.00	653
 95.3985440	2024	750.8	5.00	5.00	0.84	1.00	29.40	21.10	987.00	200.00	653
 95.3985556	2024	751.8	5.01	5.00	0.84	1.00	29.40	21.10	987.00	200.00	653
 95.3985671	2024	752.8	5.02	4.99	0.85	1.00	29.40	21.10	987.00	200.00	653
 95.3985787	2024	753.8	5.01	4.99	0.85	1.00	29.40	21.10	987.00	200.00	653
 95.3985903	2024	754.8	5.00	4.99	0.84	1.00	29.40	21.10	987.00	200.00	653
 95.3986019	2024	755.8	4.98	4.99	0.84	1.00	29.40	21.10	987.00	200.00	653
 95.3986134	2024	756.8	4.99	4.99	0.84	1.00	29.40	21.10	987.00	200.00	653
 95.3986250	2024	757.8	5.01	4.99	0.84	1.00	29.40	21.10	987.00	200.00	653
 95.3986366	2024	758.8	5.02	4.99	0.83	1.00	29.40	21.10	987.00	200.00	653
 95.3986481	2024	759.8	5.02	5.00	0.82	1.00	29.40	21.10	987.00	200.00	653
 95.3986597	2024	760.8	5.00	5.00	0.82	1.00	29.40	21.10	987.00	200.00	653
 95.3986713	2024	761.8	5.01	5.00	0.83	1.00	29.40	21.10	987.00	200.00	653
 95.3986829	2024	762.8	4.99	4.99	0.84	1.00	29.40	21.10	987.00	200.00	653
 95.3986944	2024	763.8	4.99	5.00	0.84	1.00	29.40	21.10	987.00	200.00	653
 95.3987060	2024	764.8	5.01	5.01	0.84	1.00	29.40	21.10	987.00	200.00	653
 95.3987176	2024	765.8	4.99	4.99	0.84	1.00	29.40	21.10	987.00	200.00	653
 95.3987292	2024	766.8	5.00	5.00	0.84	1.00	29.40	21.10	987.00	200.00	653
 95.3987407	2024	767.8	4.99	5.00	0.84	1.00	29.40	21.10	987.00	200.00	653
 95.3987523	2024	768.8	5.01	5.00	0.84	1.00	29.40	21.10	987.00	200.00	653
 95.3987639	2024	769.8	4.99	5.00	0.84	1.00	29.40	21.10	987.00	200.00	653
 95.3987755	2024	770.8	4.99	4.99	0.84	1.00	29.40	21.10	987.00	200.00	653
 95.3987870	2024	771.8	4.98	5.01	0.84	1.00	29.40	21.10	987.00	200.00	653
 95.3987986	2024	772.8	4.99	5.00	0.84	1.00	29.40	21.10	987.00	200.00	653
 95.3988102	2024	773.8	4.97	4.99	0.83	1.00	29.40	21.10	987.00	200.00	653
 95.3988218	2024	774.8	4.99	5.01	0.82	1.00	29.40	21.10	987.00	200.00	653
 95.3988333	2024	775.8	5.00	5.00	0.81	1.00	29.40	21.10	987.00	200.00	653
 95.3988449	2024	776.8	4.99	5.00	0.81	1.00	29.40	21.10	987.00	200.00	653
 95.3988565	2024	777.8	5.01	5.00	0.81	1.00	29.40	21.10	987.00	200.00	653
 95.3988681	2024	778.8	5.01	4.98	0.81	1.00	29.40	21.10	987.00	200.00	653
 95.3988796	2024	779.8	5.03	5.00	0.81	1.00	29.40	21.10	988.00	200.00	653
 95.3988912	2024	780.8	5.01	4.99	0.81	1.00	29.40	21.10	987.00	200.00	653
 95.3989028	2024	781.8	5.01	4.99	0.81	1.00	29.50	21.10	987.00	200.00	653
 95.3989144	2024	782.8	4.98	5.00	0.81	1.00	29.40	21.10	987.00	200.00	653
 95.3989259	2024	783.8	4.99	5.01	0.81	1.00	29.40	21.10	987.00	200.00	653
 95.3989375	2024	784.8	4.99	5.00	0.81	1.00	29.40	21.10	987.00	200.00	653
 95.3989491	2024	785.8	4.98	4.99	0.80	1.00	29.40	21.10	988.00	200.00	653
 95.3989606	2024	786.8	5.01	5.01	0.80	1.00	29.40	21.10	988.00	200.00	653
 95.3989722	2024	787.8	5.04	4.99	0.79	1.00	29.40	21.10	987.00	200.00	653
 95.3989838	2024	788.8	5.02	5.00	0.80	1.00	29.40	21.10	988.00	200.00	653
 95.3989954	2024	789.8	5.04	5.00	0.80	1.00	29.40	21.10	988.00	200.00	653
 95.3990069	2024	790.8	5.01	5.00	0.81	1.00	29.40	21.10	987.00	200.00	653
 95.3990185	2024	791.8	5.00	4.99	0.81	1.00	29.40	21.20	987.00	200.00	653
 95.3990301	2024	792.8	5.01	5.00	0.82	1.00	29.40	21.10	987.00	200.00	653
 95.3990417	2024	793.8	5.00	5.01	0.82	1.00	29.40	21.10	987.00	200.00	653
 95.3990532	2024	794.8	5.00	5.00	0.82	1.00	29.40	21.20	987.00	200.00	653
 95.3990648	2024	795.8	4.99	4.99	0.82	1.00	29.40	21.20	987.00	200.00	653
 95.3990764	2024	796.8	4.99	4.99	0.83	1.00	29.40	21.20	987.00	200.00	653
 95.3990880	2024	797.8	4.98	5.00	0.83	1.00	29.40	21.10	987.00	200.00	653
 95.3990995	2024	798.8	4.99	5.00	0.83	1.00	29.40	21.10	987.00	200.00	653
 95.3991111	2024	799.8	4.99	4.99	0.83	1.00	29.40	21.10	987.00	200.00	653
 95.3991227	2024	800.8	5.01	4.99	0.83	1.00	29.40	21.20	987.00	200.00	653
 95.3991343	2024	801.8	5.01	5.00	0.82	1.00	29.40	21.20	987.00	200.00	653
 95.3991458	2024	802.8	5.02	4.99	0.82	1.00	29.40	21.20	987.00	200.00	653
